6.078124999999995026e+01 3.121874999999997158e+01 3.121874999999997158e+01 6.078124999999995026e+01 2.956249999999997513e+01 9.199999999999991473e+01
6.188122138876499179e+01 3.172689382015576598e+01 3.172689382015576598e+01 6.188122138876499179e+01 3.015432756860923291e+01 9.360811520892076487e+01
6.295630637444132560e+01 3.223446612063055738e+01 3.223446612063055738e+01 6.295630637444132560e+01 3.072184025381077888e+01 9.519077249507188299e+01
6.400126176545212786e+01 3.273933258592060014e+01 3.273933258592060014e+01 6.400126176545212786e+01 3.126192917953152417e+01 9.674059435137272089e+01
6.501088437938528841e+01 3.323931108083611718e+01 3.323931108083611718e+01 6.501088437938528841e+01 3.177157329854917833e+01 9.825019546022140560e+01
6.598004801259533281e+01 3.373218283813274354e+01 3.373218283813274354e+01 6.598004801259533281e+01 3.224786517446258927e+01 9.971223085072807635e+01
6.690374115044181735e+01 3.421570469976381901e+01 3.421570469976381901e+01 6.690374115044181735e+01 3.268803645067800545e+01 1.011194458502056648e+02
6.777710499167429248e+01 3.468762230925023005e+01 3.468762230925023005e+01 6.777710499167429248e+01 3.308948268242407664e+01 1.024647273009245225e+02
6.859547134672374114e+01 3.514568413511150169e+01 3.514568413511150169e+01 6.859547134672374114e+01 3.344978721161224655e+01 1.037411554818352499e+02
6.935439996230317661e+01 3.558765618930894448e+01 3.558765618930894448e+01 6.935439996230317661e+01 3.376674377299423213e+01 1.049420561516121211e+02
7.004971482391016480e+01 3.601133729048667931e+01 3.601133729048667931e+01 7.004971482391016480e+01 3.403837753342349970e+01 1.060610521143968583e+02
7.067753899361903791e+01 3.641457470970048149e+01 3.641457470970048149e+01 7.067753899361903791e+01 3.426296428391854931e+01 1.070921137033195123e+02
7.123432755289407226e+01 3.679528002650388885e+01 3.679528002650388885e+01 7.123432755289407226e+01 3.443904752639019051e+01 1.080296075793979753e+02
7.171689823890172022e+01 3.715144501589047366e+01 3.715144501589047366e+01 7.171689823890172022e+01 3.456545322301126077e+01 1.088683432547921797e+02
7.212245938768519693e+01 3.748115738180334233e+01 3.748115738180334233e+01 7.212245938768519693e+01 3.464130200588184749e+01 1.096036167694885535e+02
7.244863482824865741e+01 3.778261615081414249e+01 3.778261615081414249e+01 7.244863482824865741e+01 3.466601867743450072e+01 1.102312509790627786e+02
7.269348540762817379e+01 3.805414654019457288e+01 3.805414654019457288e+01 7.269348540762817379e+01 3.463933886743358670e+01 1.107476319478227254e+02
7.285552686788247456e+01 3.829421411796487718e+01 3.829421411796487718e+01 7.285552686788247456e+01 3.456131274991759739e+01 1.111497409858473588e+02
7.293374384100928864e+01 3.850143807857066491e+01 3.850143807857066491e+01 7.293374384100928864e+01 3.443230576243861663e+01 1.114351819195799465e+02
7.292759977641705404e+01 3.867460346653738412e+01 3.867460346653738412e+01 7.292759977641705404e+01 3.425299630987966282e+01 1.116022032429544311e+02
7.283704266702679320e+01 3.881267219166162619e+01 3.881267219166162619e+01 7.283704266702679320e+01 3.402437047536516701e+01 1.116497148586884265e+02
7.266250649357513680e+01 3.891479269286371334e+01 3.891479269286371334e+01 7.266250649357513680e+01 3.374771380071143767e+01 1.115772991864388644e+02
7.240490836143317210e+01 3.898030812355179364e+01 3.898030812355179364e+01 7.240490836143317210e+01 3.342460023788136425e+01 1.113852164849849657e+02
7.206564135942164739e+01 3.900876294900507446e+01 3.900876294900507446e+01 7.206564135942164739e+01 3.305687841041658004e+01 1.110744043084267503e+02
7.164656322486318629e+01 3.899990786561389200e+01 3.899990786561389200e+01 7.164656322486318629e+01 3.264665535924929429e+01 1.106464710904770925e+02
7.114998095263739231e+01 3.895370297253026592e+01 3.895370297253026592e+01 7.114998095263739231e+01 3.219627798010714059e+01 1.101036839251676582e+02
7.057863153749615037e+01 3.887031914807718636e+01 3.887031914807718636e+01 7.057863153749615037e+01 3.170831238941897112e+01 1.094489506855733509e+02
6.993565908757561544e+01 3.875013760581283861e+01 3.875013760581283861e+01 6.993565908757561544e+01 3.118552148176278394e+01 1.086857966933884683e+02
6.922458859218154714e+01 3.859374762810868020e+01 3.859374762810868020e+01 6.922458859218154714e+01 3.063084096407285628e+01 1.078183362202902345e+02
6.844929666785544953e+01 3.840194249813665550e+01 3.840194249813665550e+01 6.844929666785544953e+01 3.004735416971880824e+01 1.068512391659920979e+02
6.761397964283786166e+01 3.817571367392169179e+01 3.817571367392169179e+01 6.761397964283786166e+01 2.943826596891616987e+01 1.057896933167595677e+02
6.672311937080735333e+01 3.791624327026335095e+01 3.791624327026335095e+01 6.672311937080735333e+01 2.880687610054400594e+01 1.046393626410707043e+02
6.578144718974036209e+01 3.762489493553112396e+01 3.762489493553112396e+01 6.578144718974036209e+01 2.815655225420924168e+01 1.034063421252714932e+02
6.479390646055097136e+01 3.730320323027548568e+01 3.730320323027548568e+01 6.479390646055097136e+01 2.749070323027549634e+01 1.020971096908264713e+02
6.376561413257773125e+01 3.695286163297439685e+01 3.695286163297439685e+01 6.376561413257773125e+01 2.681275249960333085e+01 1.007184757655521423e+02
6.270182178882346591e+01 3.657570931477930287e+01 3.657570931477930287e+01 6.270182178882346591e+01 2.612611247404416304e+01 9.927753110360275457e+01
6.160787662307330947e+01 3.617371683959231632e+01 3.617371683959231632e+01 6.160787662307330947e+01 2.543415978348100737e+01 9.778159346266562579e+01
6.048918279366377249e+01 3.574897095798620938e+01 3.574897095798620938e+01 6.048918279366377249e+01 2.474021183567757021e+01 9.623815375164998898e+01
5.935116358490405730e+01 3.530365867319495266e+01 3.530365867319495266e+01 5.935116358490405730e+01 2.404750491170911175e+01 9.465482225809901706e+01
5.819922478721174741e+01 3.484005076451817473e+01 3.484005076451817473e+01 5.819922478721174741e+01 2.335917402269356558e+01 9.303927555172992925e+01
5.703871968127012337e+01 3.436048495790356583e+01 3.436048495790356583e+01 5.703871968127012337e+01 2.267823472336655044e+01 9.139920463917368920e+01
5.587491598037851759e+01 3.386734893514014999e+01 3.386734893514014999e+01 5.587491598037851759e+01 2.200756704523837470e+01 8.974226491551867468e+01
5.471296504917694392e+01 3.336306337200520744e+01 3.336306337200520744e+01 5.471296504917694392e+01 2.134990167717174359e+01 8.807602842118215847e+01
5.355787367667592491e+01 3.285006519188821983e+01 3.285006519188821983e+01 5.355787367667592491e+01 2.070780848478771929e+01 8.640793886856414474e+01
5.241447863767621840e+01 3.233079121494297681e+01 3.233079121494297681e+01 5.241447863767621840e+01 2.008368742273323448e+01 8.474526985261920231e+01
5.128742422993491346e+01 3.180766237380898076e+01 3.180766237380898076e+01 5.128742422993491346e+01 1.947976185612592559e+01 8.309508660374388000e+01
5.018114292558855993e+01 3.128306865555300220e+01 3.128306865555300220e+01 5.018114292558855993e+01 1.889807427003555063e+01 8.146421158114154082e+01
4.909983922516240540e+01 3.075935491590088944e+01 3.075935491590088944e+01 4.909983922516240540e+01 1.834048430926152307e+01 7.985919414106331260e+01
4.804747675179527278e+01 3.023880769628739174e+01 3.023880769628739174e+01 4.804747675179527278e+01 1.780866905550787394e+01 7.828628444808265385e+01
4.702776857289416057e+01 2.972364315700176718e+01 2.972364315700176718e+01 4.702776857289416057e+01 1.730412541589239694e+01 7.675141172989592064e+01
4.604417068711448735e+01 2.921599622103267535e+01 2.921599622103267535e+01 4.604417068711448735e+01 1.682817446608180845e+01 7.526016690814716981e+01
4.509987856711764920e+01 2.871791100342046477e+01 2.871791100342046477e+01 4.509987856711764920e+01 1.638196756369717733e+01 7.381778957053811041e+01
4.419782660374034577e+01 2.823133258032728676e+01 2.823133258032728676e+01 4.419782660374034577e+01 1.596649402341305191e+01 7.242915918406762898e+01
4.334069025572186717e+01 2.775810013096834794e+01 2.775810013096834794e+01 4.334069025572186717e+01 1.558259012475352279e+01 7.109879038669021156e+01
4.253089067162333237e+01 2.729994146434610869e+01 2.729994146434610869e+01 4.253089067162333237e+01 1.523094920727722723e+01 6.983083213596944461e+01
4.177060151761567397e+01 2.685846892173227474e+01 2.685846892173227474e+01 4.177060151761567397e+01 1.491213259588340279e+01 6.862907043934795581e+01
4.106175771691520993e+01 2.643517662538239676e+01 2.643517662538239676e+01 4.106175771691520993e+01 1.462658109153280961e+01 6.749693434229760669e+01
4.040606578422271866e+01 2.603143902436663382e+01 2.603143902436663382e+01 4.040606578422271866e+01 1.437462675985609195e+01 6.643750480858936669e+01
3.980501542190371111e+01 2.564851066996565976e+01 2.564851066996565976e+01 3.980501542190371111e+01 1.415650475193804780e+01 6.545352609186937798e+01
3.925989203406381023e+01 2.528752713609924996e+01 2.528752713609924996e+01 3.925989203406381023e+01 1.397236489796456738e+01 6.454741917016306729e+01
3.877178981025532778e+01 2.494950698498849917e+01 2.494950698498849917e+01 3.877178981025532778e+01 1.382228282526683216e+01 6.372129679524383050e+01
3.834162503232770547e+01 2.463535466493429382e+01 2.463535466493429382e+01 3.834162503232770547e+01 1.370627036739341875e+01 6.297697969726200995e+01
3.797014926583519667e+01 2.434586421592441496e+01 2.434586421592441496e+01 3.797014926583519667e+01 1.362428504991078526e+01 6.231601348175961874e+01
3.765796211126373549e+01 2.408172364992418579e+01 2.408172364992418579e+01 3.765796211126373549e+01 1.357623846133954260e+01 6.173968576118792839e+01
3.740552320986596158e+01 2.384351986628599462e+01 2.384351986628599462e+01 3.740552320986596158e+01 1.356200334357996695e+01 6.124904307615196331e+01
3.721316322373487395e+01 2.363174395881806333e+01 2.363174395881806333e+01 3.721316322373487395e+01 1.358141926491681417e+01 6.084490718255293729e+01
3.708109353944892916e+01 2.344679676972446458e+01 2.344679676972446458e+01 3.708109353944892916e+01 1.363429676972447524e+01 6.052789030917339375e+01
3.700941447865713485e+01 2.328899454686975901e+01 2.328899454686975901e+01 3.700941447865713485e+01 1.372041993178737229e+01 6.029840902552688675e+01
3.699812183673507349e+01 2.315857456459006869e+01 2.315857456459006869e+01 3.699812183673507349e+01 1.383954727214500480e+01 6.015669640132514928e+01
3.704711161147442766e+01 2.305570057448700894e+01 2.305570057448700894e+01 3.704711161147442766e+01 1.399141103698742228e+01 6.010281218596144015e+01
3.715618282695080410e+01 2.298046796117759172e+01 2.298046796117759172e+01 3.715618282695080410e+01 1.417571486577320883e+01 6.013665078812839226e+01
3.732503840250048199e+01 2.293290848867222564e+01 2.293290848867222564e+01 3.732503840250048199e+01 1.439212991382825280e+01 6.025794689117270764e+01
3.755328406234629313e+01 2.291299453571792100e+01 2.291299453571792100e+01 3.755328406234629313e+01 1.464028952662836147e+01 6.046627859806420702e+01
3.784042532705542783e+01 2.292064273284611886e+01 2.292064273284611886e+01 3.784042532705542783e+01 1.491978259420931607e+01 6.076106805990155380e+01
3.818586267289759206e+01 2.295571692974826306e+01 2.295571692974826306e+01 3.818586267289759206e+01 1.523014574314932545e+01 6.114157960264586222e+01
3.858888498851976578e+01 2.301803043868578058e+01 2.301803043868578058e+01 3.858888498851976578e+01 1.557085454983399231e+01 6.160691542720554992e+01
3.904866149941373976e+01 2.310734751762501915e+01 2.310734751762501915e+01 3.904866149941373976e+01 1.594131398178872772e+01 6.215600901703876957e+01
3.956423236870463711e+01 2.322338407535647065e+01 2.322338407535647065e+01 3.956423236870463711e+01 1.634084829334817357e+01 6.278761644406110776e+01
4.013449821717088639e+01 2.336580759968705578e+01 2.336580759968705578e+01 4.013449821717088639e+01 1.676869061748382705e+01 6.350030581685793862e+01
4.075820883550959195e+01 2.353423632855644598e+01 2.353423632855644598e+01 4.075820883550959195e+01 1.722397250695314597e+01 6.429244516406603793e+01
4.143395138715226267e+01 2.372823770229568652e+01 2.372823770229568652e+01 4.143395138715226267e+01 1.770571368485656549e+01 6.516218908944793498e+01
4.216013841995595612e+01 2.394732615289838407e+01 2.394732615289838407e+01 4.216013841995595612e+01 1.821281226705756495e+01 6.610746457285432598e+01
4.293499601947751643e+01 2.419096030280357468e+01 2.419096030280357468e+01 4.293499601947751643e+01 1.874403571667394885e+01 6.712595632228109821e+01
4.375655244500287466e+01 2.445853966100235155e+01 2.445853966100235155e+01 4.375655244500287466e+01 1.929801278400051956e+01 6.821509210600522977e+01
4.462262759187290584e+01 2.474940091800878150e+01 2.474940091800878150e+01 4.462262759187290584e+01 1.987322667386413499e+01 6.937202850988170155e+01
4.553082361984247939e+01 2.506281395313525096e+01 2.506281395313525096e+01 4.553082361984247939e+01 2.046800966670722133e+01 7.059363757297772679e+01
4.647851707725119752e+01 2.539797767736994416e+01 2.539797767736994416e+01 4.647851707725119752e+01 2.108053939988125336e+01 7.187649475462114879e+01
4.746285283480137451e+01 2.575401584279009626e+01 2.575401584279009626e+01 4.746285283480137451e+01 2.170883699201127826e+01 7.321686867759146367e+01
4.848074012095101182e+01 2.612997295471584636e+01 2.612997295471584636e+01 4.848074012095101182e+01 2.235076716623516546e+01 7.461071307566686528e+01
4.952885092366300057e+01 2.652481042561244706e+01 2.652481042561244706e+01 4.952885092366300057e+01 2.300404049805055706e+01 7.605366134927544408e+01
5.060362099091393873e+01 2.693740311001939247e+01 2.693740311001939247e+01 5.060362099091393873e+01 2.366621788089455691e+01 7.754102410093334186e+01
5.170125362545877579e+01 2.736653635750400326e+01 2.736653635750400326e+01 5.170125362545877579e+01 2.433471726795476542e+01 7.906778998296276484e+01
5.281772642843986887e+01 2.781090371582348197e+01 2.781090371582348197e+01 5.281772642843986887e+01 2.500682271261639755e+01 8.062863014426335440e+01
5.394880110216891467e+01 2.826910540919858761e+01 2.826910540919858761e+01 5.394880110216891467e+01 2.567969569297033061e+01 8.221790651136750228e+01
5.509003637549060528e+01 2.873964770695694781e+01 2.873964770695694781e+01 5.509003637549060528e+01 2.635038866853366102e+01 8.382968408244755665e+01
5.623680406630919038e+01 2.922094328593884427e+01 2.922094328593884427e+01 5.623680406630919038e+01 2.701586078037035676e+01 8.545774735224804886e+01
5.738430824589826784e+01 2.971131267615404070e+01 2.971131267615404070e+01 5.738430824589826784e+01 2.767299556974423425e+01 8.709562092205230499e+01
5.852760741932652877e+01 3.020898686345056916e+01 3.020898686345056916e+01 5.852760741932652877e+01 2.831862055587595606e+01 8.873659428277707661e+01
5.966163958652461474e+01 3.071211110565073099e+01 3.071211110565073099e+01 5.966163958652461474e+01 2.894952848087388375e+01 9.037375069217534929e+01
6.078124999999995026e+01 3.121874999999997158e+01 3.121874999999997158e+01 6.078124999999995026e+01 2.956249999999997513e+01 9.199999999999991473e+01
