-1.008277046493412854e+01 -1.255439570491878953e+01
-1.088223982374940135e+01 -1.324043349280869819e+01
-1.164889624031059867e+01 -1.392587162794342959e+01
-1.237851970036265215e+01 -1.460782178573994372e+01
-1.306700832637789489e+01 -1.528332932134225786e+01
-1.371041360270439213e+01 -1.594938851121622747e+01
-1.430497517515557604e+01 -1.660295923787245442e+01
-1.484715478153441381e+01 -1.724098497750578929e+01
-1.533366887544629975e+01 -1.786041192601746275e+01
-1.576151951724452260e+01 -1.845820907683525292e+01
-1.612802312490516954e+01 -1.903138904527905595e+01
-1.643083670137387742e+01 -1.957702941703067268e+01
-1.666798118591565725e+01 -2.009229438555018277e+01
-1.683786161254953129e+01 -2.057445643251455891e+01
-1.693928379904809134e+01 -2.102091779962199070e+01
-1.697146733468595414e+01 -2.142923149677097427e+01
-1.693405468428576199e+01 -2.179712159257947945e+01
-1.682711627549196720e+01 -2.212250253803549072e+01
-1.665115149163057851e+01 -2.240349728210063773e+01
-1.640708554483126846e+01 -2.263845395030690355e+01
-1.609626226126436421e+01 -2.282596087238614047e+01
-1.572043286290539044e+01 -2.296485976385032046e+01
-1.528174088446881740e+01 -2.305425688758435854e+01
-1.478270341578974723e+01 -2.309353204606111376e+01
-1.422618890708201178e+01 -2.308234528082331138e+01
-1.361539182041018137e+01 -2.302064118431621154e+01
-1.295380445079011622e+01 -2.290865075933541561e+01
-1.224518627608783561e+01 -2.274689079102792988e+01
-1.149353122528150806e+01 -2.253616072957766647e+01
-1.070303327906418644e+01 -2.227753711130291947e+01
-9.878050835311647404e+00 -2.197236557855728023e+01
-9.023070283125775859e+00 -2.162225058795672084e+01
-8.142669235453077192e+00 -2.122904292645021229e+01
-7.241479867702636852e+00 -2.079482518138181746e+01
-6.324152802496229242e+00 -2.032189533634872447e+01
-5.395321966411167125e+00 -1.981274868692171509e+01
-4.459570822698790238e+00 -1.927005829078391486e+01
-3.521400358961560784e+00 -1.869665418302365367e+01
-2.585199176053546211e+00 -1.809550160126915586e+01
-1.655215987152136137e+00 -1.746967847500933146e+01
-7.355347966483236632e-01 -1.682235243965269689e+01
1.699470181036559779e-01 -1.615675763853173663e+01
1.057537545447168270e+00 -1.547617157471326266e+01
1.923765971673820019e+00 -1.478389226913138543e+01
2.765394931164429693e+00 -1.408321597369739209e+01
3.579429549749793438e+00 -1.337741567462475700e+01
4.363123208329096059e+00 -1.266972060672196676e+01
5.113980103646504460e+00 -1.196329698045814638e+01
5.829754730504159710e+00 -1.126123010177813910e+01
6.508448456643140645e+00 -1.056650804161801460e+01
7.148303402121939598e+00 -9.882006985313914527e+00
7.747793874591042851e+00 -9.210478365107661602e+00
8.305615643853453633e+00 -8.554537849397682692e+00
8.820673369276057940e+00 -7.916656233676910404e+00
9.292066515223833534e+00 -7.299152247052255404e+00
9.719074107424994224e+00 -6.704187259275634858e+00
1.010113869424756317e+01 -6.133761843743414488e+00
1.043784988135147174e+01 -5.589714124374722815e+00
1.072892780693572945e+01 -5.073719807831857054e+00
1.097420691710557250e+01 -4.587293778586843729e+00
1.117362038640759536e+01 -4.131793113494975245e+00
1.132718551011935659e+01 -3.708421353386306407e+00
1.143499036798016277e+01 -3.318233854643384717e+00
1.149718202992494831e+01 -2.962144032078658284e+00
1.151395653828545029e+01 -2.640930296400735955e+00
1.148555086240353518e+01 -2.355243485846912677e+00
1.141223697820628580e+01 -2.105614590793091878e+00
1.129431818020772482e+01 -1.892462573656359837e+00
1.113212768559168353e+01 -1.716102093346663082e+00
1.092602954152423678e+01 -1.576750953186166981e+00
1.067642179770244937e+01 -1.474537104565460055e+00
1.038374185750668133e+01 -1.409505053934857699e+00
1.004847387442261919e+01 -1.381621539163194967e+00
9.671158015292718346e+00 -1.390780361164438261e+00
9.252401370659399049e+00 -1.436806278241753887e+00
8.792890254760585833e+00 -1.519457894705972478e+00
8.293403604992803935e+00 -1.638429497918171052e+00
7.754827162794772022e+00 -1.793351824516054904e+00
7.178168095971130924e+00 -1.983791760499837409e+00
6.564569707383224539e+00 -2.209251004961689802e+00
5.915325864906559872e+00 -2.469163752582186788e+00
5.231894785367654066e+00 -2.762893472694354813e+00
4.515911809316339287e+00 -3.089728885228126387e+00
3.769200813157688401e+00 -3.448879255018354684e+00
2.993783922838414213e+00 -3.839469143678876151e+00
2.191889215100516708e+00 -4.260532774536589073e+00
1.365956121637122322e+00 -4.711008180007418389e+00
5.186382842976726693e-01 -5.189731310329854352e+00
-3.471963529308403906e-01 -5.695430290204001267e+00
-1.228468385431451537e+00 -6.226720013485348204e+00
-2.121892850702636224e+00 -6.782097266704788296e+00
-3.023988269519492178e+00 -7.359936568291395531e+00
-3.931088854648283615e+00 -7.958486904749044299e+00
-4.839359864638929309e+00 -8.575869533912843679e+00
-5.744816029306726080e+00 -9.210077013333275886e+00
-6.643342923010429502e+00 -9.858973594214262448e+00
-7.530721112265695183e+00 -1.052029710372584503e+01
-8.402652857755853688e+00 -1.119166241549413598e+01
-9.254791105881267299e+00 -1.187056658558617528e+01
-1.008277046493252271e+01 -1.255439570491500945e+01
