3.105129467857550862e-04 -1.208554304341402289e-04 -1.208554304341402153e-04 9.057120439978004435e-05
2.995585003002665002e-04 -1.163702751618008412e-04 -1.163702751618008276e-04 8.726760866201395460e-05
2.894056347261075683e-04 -1.122643502345687175e-04 -1.122643502345687446e-04 8.423080114991307761e-05
2.800266203191460984e-04 -1.085194867484876215e-04 -1.085194867484876079e-04 8.144900728935015270e-05
2.713935354643415765e-04 -1.051182428627739915e-04 -1.051182428627740187e-04 7.891082137583099970e-05
2.634787834421970084e-04 -1.020440804097394417e-04 -1.020440804097394282e-04 7.660533916215551639e-05
2.562555215994531828e-04 -9.928149858495050701e-05 -9.928149858495047991e-05 7.452226152207824686e-05
2.496980139794823601e-04 -9.681613220827455001e-05 -9.681613220827456356e-05 7.265197393328646927e-05
2.437819179714342615e-04 -9.463482126700241827e-05 -9.463482126700240471e-05 7.098560606744736662e-05
2.384845148374224386e-04 -9.272565765256565609e-05 -9.272565765256565609e-05 6.951507529972102226e-05
2.337848931519483249e-04 -9.107801421873548036e-05 -9.107801421873548036e-05 6.823311747798496338e-05
2.296640932971351563e-04 -8.968256054565951717e-05 -8.968256054565950362e-05 6.713330783862677775e-05
2.261052202450395906e-04 -8.853126910485135481e-05 -8.853126910485134126e-05 6.621007453063759349e-05
2.230935309550086110e-04 -8.761741489198968580e-05 -8.761741489198968580e-05 6.545870681774372058e-05
2.206165018395565131e-04 -8.693557102817885043e-05 -8.693557102817883687e-05 6.487535967082135621e-05
2.186638809175535738e-04 -8.648160232309191637e-05 -8.648160232309194347e-05 6.445705613856873839e-05
2.172277284827950957e-04 -8.625265833923226387e-05 -8.625265833923226387e-05 6.420168859022070892e-05
2.163024493679469907e-04 -8.624716708752685492e-05 -8.624716708752684137e-05 6.410801965554756526e-05
2.158848191729400201e-04 -8.646483011137830839e-05 -8.646483011137830839e-05 6.417568343904273291e-05
2.159740061444974976e-04 -8.690661936922239794e-05 -8.690661936922239794e-05 6.440518735111716835e-05
2.165715897285505360e-04 -8.757477599410756601e-05 -8.757477599410755245e-05 6.479791467283529895e-05
2.176815761570209966e-04 -8.847281068219033909e-05 -8.847281068219035264e-05 6.535612774558069047e-05
2.193104107608187634e-04 -8.960550512964298169e-05 -8.960550512964298169e-05 6.608297144621861480e-05
2.214669860071559926e-04 -9.097891358873081195e-05 -9.097891358873079839e-05 6.698247636498934181e-05
2.241626435264502265e-04 -9.260036323845003466e-05 -9.260036323845000756e-05 6.805956084076683328e-05
2.274111676075440903e-04 -9.447845165338789280e-05 -9.447845165338787925e-05 6.932003072000709814e-05
2.312287667862192796e-04 -9.662303919751768144e-05 -9.662303919751768144e-05 7.077057538573142614e-05
2.356340392195056821e-04 -9.904523365998244662e-05 -9.904523365998246017e-05 7.241875824618683661e-05
2.406479165188812441e-04 -1.017573638821492880e-04 -1.017573638821492744e-04 7.427299947570086143e-05
2.462935796058343782e-04 -1.047729384969696106e-04 -1.047729384969696106e-04 7.634254836104595158e-05
2.525963389571143350e-04 -1.081065852148777354e-04 -1.081065852148777219e-04 7.863744212661481889e-05
2.595834703376364845e-04 -1.117739653529381056e-04 -1.117739653529381191e-04 8.116844759619530267e-05
2.672839958026029697e-04 -1.157916575314373823e-04 -1.157916575314373823e-04 8.394698150885169130e-05
2.757283984296929791e-04 -1.201770036806554693e-04 -1.201770036806554693e-04 8.698500475925343800e-05
2.849482579808777457e-04 -1.249479097491537313e-04 -1.249479097491537584e-04 9.029488530554825778e-05
2.949757935807620314e-04 -1.301225928386420133e-04 -1.301225928386420133e-04 9.388922401854645167e-05
3.058432986539735463e-04 -1.357192659833742073e-04 -1.357192659833742344e-04 9.778063738568724169e-05
3.175824529419436727e-04 -1.417557515397938582e-04 -1.417557515397938582e-04 1.019814907982508344e-04
3.302234966110220390e-04 -1.482490142742163945e-04 -1.482490142742163945e-04 1.065035762232772299e-04
3.437942524986416465e-04 -1.552146058760774257e-04 -1.552146058760774257e-04 1.113577284921582781e-04
3.583189846865900727e-04 -1.626660139471071452e-04 -1.626660139471071452e-04 1.165533753407616929e-04
3.738170851310964834e-04 -1.706139107046708971e-04 -1.706139107046709242e-04 1.220980178377938324e-04
3.903015853194813757e-04 -1.790652998784996982e-04 -1.790652998784996439e-04 1.279966400698527096e-04
4.077774971489298884e-04 -1.880225647520597163e-04 -1.880225647520596891e-04 1.342510500373705949e-04
4.262399966699895637e-04 -1.974824261471222464e-04 -1.974824261471222735e-04 1.408591577562350917e-04
4.456724761422576047e-04 -2.074348264521095676e-04 -2.074348264521095676e-04 1.478142016112225267e-04
4.660445039911017672e-04 -2.178617645277834680e-04 -2.178617645277834138e-04 1.551039400537153399e-04
4.873097484855278493e-04 -2.287361163173838932e-04 -2.287361163173839203e-04 1.627098326597836828e-04
5.094039387361640669e-04 -2.400204868800709238e-04 -2.400204868800709238e-04 1.706062421142628147e-04
5.322429550382802750e-04 -2.516661507628155338e-04 -2.516661507628155338e-04 1.787596964497033150e-04
5.557211583553528251e-04 -2.636121482752058439e-04 -2.636121482752058439e-04 1.871282582543020323e-04
5.797100841443918575e-04 -2.757846142244101584e-04 -2.757846142244101584e-04 1.956610537990247469e-04
6.040576366963278966e-04 -2.880964216717657022e-04 -2.880964216717657022e-04 2.042980191957072809e-04
6.285879243966428949e-04 -3.004472248182485090e-04 -3.004472248182485090e-04 2.129699217645340315e-04
6.531018714610108914e-04 -3.127239807437886925e-04 -3.127239807437887467e-04 2.215987117421945477e-04
6.773787256763983853e-04 -3.248020181382648276e-04 -3.248020181382647734e-04 2.300982514188476872e-04
7.011785529890314115e-04 -3.365467015186935176e-04 -3.365467015186934634e-04 2.383754551689013564e-04
7.242457679175505003e-04 -3.478157115506846008e-04 -3.478157115506846551e-04 2.463318545254822452e-04
7.463136945569834009e-04 -3.584619267040849112e-04 -3.584619267040848570e-04 2.538655779559145006e-04
7.671100887879961534e-04 -3.683368503439983185e-04 -3.683368503439983727e-04 2.608737065702630806e-04
7.863634822918116234e-04 -3.772944833374073390e-04 -3.772944833374072848e-04 2.672549366280016383e-04
8.038101386711593707e-04 -3.851954991295809968e-04 -3.851954991295810510e-04 2.729124500359939227e-04
8.192013480344751330e-04 -3.919115404176750695e-04 -3.919115404176751237e-04 2.777568681090262213e-04
8.323107358274550163e-04 -3.973294285509070315e-04 -3.973294285509070315e-04 2.817091448188548748e-04
8.429412309934008855e-04 -4.013550626658332382e-04 -4.013550626658332382e-04 2.847032463643517450e-04
8.509313327518563171e-04 -4.039167882565182586e-04 -4.039167882565182586e-04 2.866884661390170920e-04
8.561603371338789891e-04 -4.049680356597701292e-04 -4.049680356597701834e-04 2.876312388745342458e-04
8.585522337320657680e-04 -4.044890670775909414e-04 -4.044890670775909956e-04 2.875163443263532674e-04
8.580780566493644186e-04 -4.024877234690738036e-04 -4.024877234690737494e-04 2.863474273397154275e-04
8.547565652673817576e-04 -3.989991253208698715e-04 -3.989991253208699257e-04 2.841468042585907554e-04
8.486532319805781873e-04 -3.940843480922831912e-04 -3.940843480922832454e-04 2.809545713437939791e-04
8.398776161443112943e-04 -3.878281576746633657e-04 -3.878281576746633657e-04 2.768270747736523824e-04
8.285792969516732895e-04 -3.803359474915331316e-04 -3.803359474915331316e-04 2.718348398110305452e-04
8.149426148266958802e-04 -3.717300619905982220e-04 -3.717300619905982220e-04 2.660600855368513485e-04
7.991805254073992577e-04 -3.621457180176109402e-04 -3.621457180176109402e-04 2.595939690608862430e-04
7.815278992173342338e-04 -3.517267446663360948e-04 -3.517267446663360948e-04 2.525337085848995125e-04
7.622346034603874349e-04 -3.406213543824543615e-04 -3.406213543824543615e-04 2.449797287130152097e-04
7.415586823668908738e-04 -3.289781357525945566e-04 -3.289781357525945566e-04 2.370329557085121427e-04
7.197599135096467704e-04 -3.169424251171782379e-04 -3.169424251171782379e-04 2.287923674960280892e-04
6.970939650713281650e-04 -3.046531741079775454e-04 -3.046531741079774912e-04 2.203528759927778481e-04
6.738073191905329540e-04 -2.922403876735028719e-04 -2.922403876735028719e-04 2.118035906987453612e-04
6.501330649714865285e-04 -2.798231659263539358e-04 -2.798231659263539358e-04 2.032264849266447195e-04
6.262876064073051238e-04 -2.675083462594280456e-04 -2.675083462594280456e-04 1.946954615967094694e-04
6.024682790572454026e-04 -2.553897117128961546e-04 -2.553897117128961004e-04 1.862757954883538871e-04
5.788518272403423261e-04 -2.435477086334172632e-04 -2.435477086334172632e-04 1.780239138966133877e-04
5.555936618984764087e-04 -2.320496014707526392e-04 -2.320496014707526392e-04 1.699874678654787784e-04
5.328277981836511586e-04 -2.209499846164725712e-04 -2.209499846164725170e-04 1.622056411820224707e-04
5.106673604346493797e-04 -2.102915695205775449e-04 -2.102915695205775177e-04 1.547096434206356988e-04
4.892055391568488759e-04 -2.001061686577901245e-04 -2.001061686577901516e-04 1.475233356627357422e-04
4.685168882298133071e-04 -1.904158048944325297e-04 -1.904158048944325297e-04 1.406639421755103987e-04
4.486588590826130979e-04 -1.812338841204801868e-04 -1.812338841204801868e-04 1.341428074543176460e-04
4.296734803266177177e-04 -1.725663795051432677e-04 -1.725663795051432948e-04 1.279661648698679488e-04
4.115891048510931052e-04 -1.644129864654114562e-04 -1.644129864654114291e-04 1.221358901110988911e-04
3.944221604631960201e-04 -1.567682176948732506e-04 -1.567682176948732777e-04 1.166502192302465896e-04
3.781788538691397382e-04 -1.496224168987647489e-04 -1.496224168987647760e-04 1.115044170770176658e-04
3.628567904983015795e-04 -1.429626779334593201e-04 -1.429626779334592659e-04 1.066913870804496960e-04
3.484464839590676222e-04 -1.367736627301709802e-04 -1.367736627301710073e-04 1.022022176292100310e-04
3.349327385764442775e-04 -1.310383166933376390e-04 -1.310383166933376661e-04 9.802666371998748510e-05
3.222958964440043178e-04 -1.257384842905796927e-04 -1.257384842905797198e-04 9.415356514848094221e-05
3.105129467857550862e-04 -1.208554304341402289e-04 -1.208554304341402153e-04 9.057120439978004435e-05
