-1.153101905372172054e+00
-1.164642396680134029e+00
-1.176182887988096226e+00
-1.187723379296058424e+00
-1.199263870604020621e+00
-1.210804361911982596e+00
-1.222344853219945016e+00
-1.233885344527906991e+00
-1.245425835835869410e+00
-1.256966327143831386e+00
-1.268506818451793583e+00
-1.280047309759755780e+00
-1.291587801067717756e+00
-1.303128292375680175e+00
-1.314668783683642150e+00
-1.326209274991604348e+00
-1.337749766299566545e+00
-1.349290257607528742e+00
-1.360830748915490718e+00
-1.372371240223453137e+00
-1.383911731531415112e+00
-1.395452222839377310e+00
-1.406992714147339507e+00
-1.418533205455301704e+00
-1.430073696763263680e+00
-1.441614188071225877e+00
-1.453154679379188075e+00
-1.464695170687150272e+00
-1.476235661995112469e+00
-1.487776153303074445e+00
-1.499316644611036864e+00
-1.510857135918998839e+00
-1.522397627226961259e+00
-1.533938118534923234e+00
-1.545478609842885209e+00
-1.557019101150847629e+00
-1.568559592458809604e+00
-1.580100083766772023e+00
-1.591640575074733999e+00
-1.603181066382696418e+00
-1.614721557690658393e+00
-1.626262048998620591e+00
-1.637802540306582788e+00
-1.649343031614544763e+00
-1.660883522922506961e+00
-1.672424014230469158e+00
-1.683964505538431355e+00
-1.695504996846393331e+00
-1.707045488154355528e+00
-1.718585979462317948e+00
-1.730126470770279923e+00
-1.741666962078241898e+00
-1.753207453386204095e+00
-1.764747944694166737e+00
-1.776288436002128712e+00
-1.787828927310090688e+00
-1.799369418618052663e+00
-1.810909909926015082e+00
-1.822450401233977502e+00
-1.833990892541939477e+00
-1.845531383849901452e+00
-1.857071875157863872e+00
-1.868612366465826069e+00
-1.880152857773788266e+00
-1.891693349081750242e+00
-1.903233840389712217e+00
-1.914774331697674636e+00
-1.926314823005636834e+00
-1.937855314313598809e+00
-1.949395805621561006e+00
-1.960936296929522982e+00
-1.972476788237485401e+00
-1.984017279545447376e+00
-1.995557770853409574e+00
-2.007098262161371771e+00
-2.018638753469334191e+00
-2.030179244777296166e+00
-2.041719736085258141e+00
-2.053260227393220561e+00
-2.064800718701182536e+00
-2.076341210009144955e+00
-2.087881701317106931e+00
-2.099422192625068906e+00
-2.110962683933030881e+00
-2.122503175240993301e+00
-2.134043666548955720e+00
-2.145584157856917695e+00
-2.157124649164879671e+00
-2.168665140472842090e+00
-2.180205631780804509e+00
-2.191746123088766041e+00
-2.203286614396728460e+00
-2.214827105704690435e+00
-2.226367597012653299e+00
-2.237908088320614830e+00
-2.249448579628577249e+00
-2.260989070936539669e+00
-2.272529562244501200e+00
-2.284070053552463619e+00
-2.295610544860426039e+00
