2.369620696374659996e+00
2.381277173491295418e+00
2.392933650607930396e+00
2.404590127724565374e+00
2.416246604841200796e+00
2.427903081957835774e+00
2.439559559074471196e+00
2.451216036191105729e+00
2.462872513307741151e+00
2.474528990424376573e+00
2.486185467541011551e+00
2.497841944657646529e+00
2.509498421774281951e+00
2.521154898890916929e+00
2.532811376007552351e+00
2.544467853124187773e+00
2.556124330240822751e+00
2.567780807357457729e+00
2.579437284474092706e+00
2.591093761590728128e+00
2.602750238707363550e+00
2.614406715823998084e+00
2.626063192940633506e+00
2.637719670057268928e+00
2.649376147173903906e+00
2.661032624290538884e+00
2.672689101407173862e+00
2.684345578523809284e+00
2.696002055640444706e+00
2.707658532757079684e+00
2.719315009873714661e+00
2.730971486990350083e+00
2.742627964106985061e+00
2.754284441223620483e+00
2.765940918340255905e+00
2.777597395456890439e+00
2.789253872573525861e+00
2.800910349690161283e+00
2.812566826806795817e+00
2.824223303923431239e+00
2.835879781040066661e+00
2.847536258156701638e+00
2.859192735273337060e+00
2.870849212389972038e+00
2.882505689506607016e+00
2.894162166623242438e+00
2.905818643739877416e+00
2.917475120856512838e+00
2.929131597973147372e+00
2.940788075089782794e+00
2.952444552206418216e+00
2.964101029323053194e+00
2.975757506439688171e+00
2.987413983556323593e+00
2.999070460672958571e+00
3.010726937789593993e+00
3.022383414906228971e+00
3.034039892022864393e+00
3.045696369139499371e+00
3.057352846256134793e+00
3.069009323372769771e+00
3.080665800489405193e+00
3.092322277606040615e+00
3.103978754722675149e+00
3.115635231839310570e+00
3.127291708955945992e+00
3.138948186072580526e+00
3.150604663189215504e+00
3.162261140305850926e+00
3.173917617422485904e+00
3.185574094539121326e+00
3.197230571655756304e+00
3.208887048772391726e+00
3.220543525889027148e+00
3.232200003005662126e+00
3.243856480122297548e+00
3.255512957238932081e+00
3.267169434355567503e+00
3.278825911472202925e+00
3.290482388588837459e+00
3.302138865705472881e+00
3.313795342822108303e+00
3.325451819938743281e+00
3.337108297055378259e+00
3.348764774172013681e+00
3.360421251288648659e+00
3.372077728405284081e+00
3.383734205521919058e+00
3.395390682638554480e+00
3.407047159755189902e+00
3.418703636871824880e+00
3.430360113988459858e+00
3.442016591105095280e+00
3.453673068221730702e+00
3.465329545338365236e+00
3.476986022455000214e+00
3.488642499571635192e+00
3.500298976688270614e+00
3.511955453804905591e+00
3.523611930921541013e+00
