1.981687042739072169e+01
1.977989833769608197e+01
1.974290995679340099e+01
1.970590533761358287e+01
1.966888453266756187e+01
1.963184759392796508e+01
1.959479457298838412e+01
1.955772552095453420e+01
1.952064048852904676e+01
1.948353952589508964e+01
1.944642268283192266e+01
1.940929000873462940e+01
1.937214155254576298e+01
1.933497736275223389e+01
1.929779748749447776e+01
1.926060197441000810e+01
1.922339087082360720e+01
1.918616422360502938e+01
1.914892207925115741e+01
1.911166448382216743e+01
1.907439148309924448e+01
1.903710312236356117e+01
1.899979944655753172e+01
1.896248050024855658e+01
1.892514632767922933e+01
1.888779697264001101e+01
1.885043247864913241e+01
1.881305288879579507e+01
1.877565824581400022e+01
1.873824859216573557e+01
1.870082396990996187e+01
1.866338442074540183e+01
1.862592998608072037e+01
1.858846070694601593e+01
1.855097662406044634e+01
1.851347777784872406e+01
1.847596420831835218e+01
1.843843595525154200e+01
1.840089305805685882e+01
1.836333555589299493e+01
1.832576348749542561e+01
1.828817689141033043e+01
1.825057580580683947e+01
1.821296026855370798e+01
1.817533031728721937e+01
1.813768598928704989e+01
1.810002732155232508e+01
1.806235435076575868e+01
1.802466711344696648e+01
1.798696564565781131e+01
1.794924998333451072e+01
1.791152016201657915e+01
1.787377621704215258e+01
1.783601818345321277e+01
1.779824609605001839e+01
1.776045998933455650e+01
1.772265989754066240e+01
1.768484585466187298e+01
1.764701789444919200e+01
1.760917605034128286e+01
1.757132035561751593e+01
1.753345084320917380e+01
1.749556754585659490e+01
1.745767049604238252e+01
1.741975972600154421e+01
1.738183526774844978e+01
1.734389715299398915e+01
1.730594541331167591e+01
1.726798007998635498e+01
1.723000118407423287e+01
1.719200875639462822e+01
1.715400282758852768e+01
1.711598342798521344e+01
1.707795058778889796e+01
1.703990433690096751e+01
1.700184470509798729e+01
1.696377172182257809e+01
1.692568541640933688e+01
1.688758581793178593e+01
1.684947295524718669e+01
1.681134685703290188e+01
1.677320755173592559e+01
1.673505506758544925e+01
1.669688943269087389e+01
1.665871067489720048e+01
1.662051882180930562e+01
1.658231390092167601e+01
1.654409593950276047e+01
1.650586496459847297e+01
1.646762100310704113e+01
1.642936408170220375e+01
1.639109422690646767e+01
1.635281146506515171e+01
1.631451582227759900e+01
1.627620732449747010e+01
1.623788599749884654e+01
1.619955186689423954e+01
1.616120495808540625e+01
1.612284529632097119e+01
1.608447290665775853e+01
