1.513329680679536793e+01
1.500409650378134430e+01
1.487431887235035255e+01
1.474396408621770682e+01
1.461303231641094058e+01
1.448152373153300942e+01
1.434943849759169510e+01
1.421677677816058960e+01
1.408353873438994697e+01
1.394972452512172367e+01
1.381533430683280272e+01
1.368036823373345356e+01
1.354482645788241690e+01
1.340870912905395329e+01
1.327201639495064178e+01
1.313474840116678521e+01
1.299690529121803628e+01
1.285848720661801714e+01
1.271949428690273898e+01
1.257992666965921735e+01
1.243978449053673430e+01
1.229906788339388157e+01
1.215777698013589792e+01
1.201591191097793754e+01
1.187347280431517227e+01
1.173045978676566214e+01
1.158687298328636217e+01
1.144271251718492977e+01
1.129797851002258469e+01
1.115267108187375555e+01
1.100679035110695381e+01
1.086033643462521425e+01
1.071330944770907578e+01
1.056570950422139887e+01
1.041753671647981250e+01
1.026879119538929075e+01
1.011947305039640455e+01
9.969582389571613135e+00
9.819119319589180606e+00
9.668083945763566334e+00
9.516476372074439638e+00
9.364296701196689554e+00
9.211545034543803467e+00
9.058221472216889225e+00
8.904326113083545380e+00
8.749859054824689508e+00
8.594820393836180017e+00
8.439210225408753985e+00
8.283028643658333579e+00
8.126275741476078451e+00
7.968951610732016633e+00
7.811056342086597937e+00
7.652590025222579584e+00
7.493552748609946690e+00
7.333944599797327157e+00
7.173765665182916251e+00
7.013016030243644394e+00
6.851695779350063020e+00
6.689804995928508191e+00
6.527343762461516263e+00
6.364312160402960217e+00
6.200710270314303330e+00
6.036538171771606898e+00
5.871795943523810735e+00
5.706483663300385700e+00
5.540601408048921428e+00
5.374149253792712244e+00
5.207127275652471354e+00
5.039535547981756736e+00
4.871374144254726701e+00
4.702643137140768204e+00
4.533342598423953262e+00
4.363472599225701742e+00
4.193033209761818370e+00
4.022024499518135343e+00
3.850446537212025788e+00
3.678299390807428182e+00
3.505583127513975938e+00
3.332297813854026458e+00
3.158443515567988413e+00
2.984020297727056459e+00
2.809028224699453347e+00
2.633467360116199529e+00
2.457337767027222952e+00
2.280639507700708890e+00
2.103372643845908385e+00
1.925537236417831366e+00
1.747133345789190884e+00
1.568161031712815401e+00
1.388620353275083374e+00
1.208511368991572965e+00
1.027834136726085035e+00
8.465887137815961694e-01
6.647751568194379956e-01
4.823935219923001227e-01
2.994438648138810777e-01
1.159262402293315120e-01
-6.815929730131387032e-02
-2.528126939297763442e-01
-4.380338963430219223e-01
