1.605824400257611728e+01
1.605538278775833660e+01
1.605253044897607495e+01
1.604968693328062557e+01
1.604685218819069448e+01
1.604402616168680140e+01
1.604120880220576950e+01
1.603840005863526486e+01
1.603559988030848871e+01
1.603280821699888392e+01
1.603002501891496578e+01
1.602725023669521676e+01
1.602448382140307359e+01
1.602172572452196420e+01
1.601897589795044397e+01
1.601623429399739962e+01
1.601350086537732054e+01
1.601077556520565182e+01
1.600805834699420060e+01
1.600534916464662771e+01
1.600264797245399251e+01
1.599995472509037064e+01
1.599726937760854106e+01
1.599459188543572452e+01
1.599192220436939138e+01
1.598926029057312981e+01
1.598660610057257614e+01
1.598395959125139498e+01
1.598132071984732505e+01
1.597868944394828539e+01
1.597606572148852244e+01
1.597344951074482999e+01
1.597084077033280103e+01
1.596823945920315602e+01
1.596564553663810848e+01
1.596305896224778031e+01
1.596047969596667393e+01
1.595790769805019060e+01
1.595534292907119500e+01
1.595278534991662767e+01
1.595023492178417079e+01
1.594769160617894599e+01
1.594515536491027241e+01
1.594262616008845512e+01
1.594010395412162495e+01
1.593758870971262098e+01
1.593508038985590858e+01
1.593257895783454892e+01
1.593008437721719872e+01
1.592759661185515441e+01
1.592511562587943708e+01
1.592264138369791127e+01
1.592017384999244634e+01
1.591771298971611337e+01
1.591525876809041584e+01
1.591281115060256113e+01
1.591037010300276400e+01
1.590793559130158386e+01
1.590550758176730461e+01
1.590308604092333411e+01
1.590067093554565325e+01
1.589826223266028116e+01
1.589585989954078293e+01
1.589346390370581474e+01
1.589107421291667777e+01
1.588869079517492899e+01
1.588631361872000092e+01
1.588394265202687095e+01
1.588157786380373793e+01
1.587921922298974664e+01
1.587686669875272827e+01
1.587452026048697462e+01
1.587217987781104078e+01
1.586984552056556907e+01
1.586751715881114499e+01
1.586519476282617269e+01
1.586287830310478952e+01
1.586056775035479127e+01
1.585826307549558756e+01
1.585596424965618922e+01
1.585367124417320639e+01
1.585138403058888379e+01
1.584910258064914856e+01
1.584682686630169179e+01
1.584455685969406424e+01
1.584229253317179520e+01
1.584003385927654683e+01
1.583778081074426325e+01
1.583553336050337457e+01
1.583329148167299927e+01
1.583105514756116428e+01
1.582882433166307301e+01
1.582659900765936278e+01
1.582437914941439949e+01
1.582216473097458653e+01
1.581995572656670035e+01
1.581775211059623132e+01
1.581555385764575838e+01
1.581336094247333435e+01
1.581117334001088715e+01
