1.621196764166042570e+01
1.620830018552253193e+01
1.620465023932467830e+01
1.620101762936607770e+01
1.619740218455499559e+01
1.619380373635617332e+01
1.619022211873959805e+01
1.618665716813055511e+01
1.618310872336094519e+01
1.617957662562180943e+01
1.617606071841703752e+01
1.617256084751822698e+01
1.616907686092064012e+01
1.616560860880023753e+01
1.616215594347178452e+01
1.615871871934793091e+01
1.615529679289930698e+01
1.615189002261555018e+01
1.614849826896729823e+01
1.614512139436902416e+01
1.614175926314281995e+01
1.613841174148296176e+01
1.613507869742134559e+01
1.613176000079371875e+01
1.612845552320667153e+01
1.612516513800542128e+01
1.612188872024228559e+01
1.611862614664594062e+01
1.611537729559130483e+01
1.611214204707015796e+01
1.610892028266238185e+01
1.610571188550785848e+01
1.610251674027900748e+01
1.609933473315389918e+01
1.609616575178998232e+01
1.609300968529838727e+01
1.608986642421877278e+01
1.608673586049474125e+01
1.608361788744976550e+01
1.608051239976364499e+01
1.607741929344946996e+01
1.607433846583106174e+01
1.607126981552089262e+01
1.606821324239850313e+01
1.606516864758932428e+01
1.606213593344398305e+01
1.605911500351802346e+01
1.605610576255203981e+01
1.605310811645224334e+01
1.605012197227140547e+01
1.604714723819020250e+01
1.604418382349894756e+01
1.604123163857967782e+01
1.603829059488861120e+01
1.603536060493895476e+01
1.603244158228406846e+01
1.602953344150095560e+01
1.602663609817406254e+01
1.602374946887944773e+01
1.602087347116921379e+01
1.601800802355626629e+01
1.601515304549937468e+01
1.601230845738852082e+01
1.600947418053052829e+01
1.600665013713495810e+01
1.600383625030030643e+01
1.600103244400044034e+01
1.599823864307129462e+01
1.599545477319784226e+01
1.599268076090127622e+01
1.598991653352647724e+01
1.598716201922967173e+01
1.598441714696635785e+01
1.598168184647942880e+01
1.597895604828753768e+01
1.597623968367366309e+01
1.597353268467389675e+01
1.597083498406642121e+01
1.596814651536070784e+01
1.596546721278689773e+01
1.596279701128538342e+01
1.596013584649657169e+01
1.595748365475083830e+01
1.595484037305865677e+01
1.595220593910090656e+01
1.594958029121935539e+01
1.594696336840730666e+01
1.594435511030041575e+01
1.594175545716766251e+01
1.593916434990249265e+01
1.593658173001409928e+01
1.593400753961887339e+01
1.593144172143198745e+01
1.592888421875913707e+01
1.592633497548841248e+01
1.592379393608231908e+01
1.592126104556993660e+01
1.591873624953919730e+01
1.591621949412931691e+01
1.591371072602333392e+01
