-1.249999999999999112e+00
-1.251006661764056949e+00
-1.254022593584601442e+00
-1.259035651368645814e+00
-1.266025649301820932e+00
-1.274964441129526449e+00
-1.285816033491962829e+00
-1.298536730856688415e+00
-1.313075311465106587e+00
-1.329373233584408620e+00
-1.347364871234469685e+00
-1.366977778440510161e+00
-1.388132980947464068e+00
-1.410745294221432911e+00
-1.434723666457737856e+00
-1.459971545214399979e+00
-1.486387266194747925e+00
-1.513864462613657702e+00
-1.542292493499055839e+00
-1.571556889204063223e+00
-1.601539812335861734e+00
-1.632120532245285416e+00
-1.663175911166533849e+00
-1.694580900049493577e+00
-1.726209042088127976e+00
-1.757932981917403215e+00
-1.789624978428393298e+00
-1.821157419136641753e+00
-1.852403334032594495e+00
-1.883236906845016545e+00
-1.913533981658710026e+00
-1.943172562846563478e+00
-1.972033306302886091e+00
-1.999999999999999112e+00
-2.026960031933054296e+00
-2.052804843568832638e+00
-2.077430366972641718e+00
-2.100737443853159636e+00
-2.122632224837876613e+00
-2.143026547371392976e+00
-2.161838290714915622e+00
-2.178991706617487534e+00
-2.194417724327460739e+00
-2.208054228716033851e+00
-2.219846310392953104e+00
-2.229746486807247852e+00
-2.237714893442702468e+00
-2.243719444338196034e+00
-2.247735961286541517e+00
-2.249748271191591709e+00
-2.249748271191591709e+00
-2.247735961286541517e+00
-2.243719444338196034e+00
-2.237714893442702468e+00
-2.229746486807247852e+00
-2.219846310392953548e+00
-2.208054228716033851e+00
-2.194417724327460739e+00
-2.178991706617487534e+00
-2.161838290714915622e+00
-2.143026547371392976e+00
-2.122632224837876613e+00
-2.100737443853159636e+00
-2.077430366972641718e+00
-2.052804843568832638e+00
-2.026960031933054296e+00
-1.999999999999998890e+00
-1.972033306302886091e+00
-1.943172562846563478e+00
-1.913533981658710026e+00
-1.883236906845016545e+00
-1.852403334032594273e+00
-1.821157419136641753e+00
-1.789624978428393520e+00
-1.757932981917402993e+00
-1.726209042088127976e+00
-1.694580900049493577e+00
-1.663175911166534071e+00
-1.632120532245285416e+00
-1.601539812335861734e+00
-1.571556889204063223e+00
-1.542292493499055617e+00
-1.513864462613657702e+00
-1.486387266194747925e+00
-1.459971545214400201e+00
-1.434723666457737634e+00
-1.410745294221432911e+00
-1.388132980947464068e+00
-1.366977778440510161e+00
-1.347364871234469685e+00
-1.329373233584408620e+00
-1.313075311465106587e+00
-1.298536730856688637e+00
-1.285816033491962829e+00
-1.274964441129526449e+00
-1.266025649301820932e+00
-1.259035651368645592e+00
-1.254022593584601442e+00
-1.251006661764056949e+00
-1.249999999999999112e+00
