3.999999999999998224e+00
4.031711959828280456e+00
4.063296226786873078e+00
4.094625622180203095e+00
4.125573993590538002e+00
4.156016722849241951e+00
4.185831227830162149e+00
4.214897456044583990e+00
4.243098368050232772e+00
4.270320408727797279e+00
4.296453964527318092e+00
4.321393804843268072e+00
4.345039505741054242e+00
4.367295854328764548e+00
4.388073232145876190e+00
4.407287976025165754e+00
4.424862714974755029e+00
4.440726681723789149e+00
4.454815997677257222e+00
4.467073930132551496e+00
4.477451120722035327e+00
4.485905784161769105e+00
4.492403876506101845e+00
4.496919232230625063e+00
4.499433669591502039e+00
4.499937063836935813e+00
4.498427387975969083e+00
4.494910720940464621e+00
4.489401223107387651e+00
4.481921079279969078e+00
4.472500409357332174e+00
4.461177147052288738e+00
4.447996887145666101e+00
4.433012701892217855e+00
4.416284927317383868e+00
4.397880920265413884e+00
4.377874787177127303e+00
4.356347085689429299e+00
4.333384500258143923e+00
4.309079493110300696e+00
4.283529931931383317e+00
4.256838695786701265e+00
4.229113260863703871e+00
4.200465267703305194e+00
4.171010071662832885e+00
4.140866278420713087e+00
4.110155266393269002e+00
4.079000697986673529e+00
4.047528021652089691e+00
4.015863966749032343e+00
3.984136033250964104e+00
3.952471978347906756e+00
3.920999302013323362e+00
3.889844733606727889e+00
3.859133721579283360e+00
3.828989928337164006e+00
3.799534732296691253e+00
3.770886739136293020e+00
3.743161304213295182e+00
3.716470068068613131e+00
3.690920506889695751e+00
3.666615499741852524e+00
3.643652914310566704e+00
3.622125212822869145e+00
3.602119079734582119e+00
3.583715072682612579e+00
3.566987298107778592e+00
3.552003112854330347e+00
3.538822852947707709e+00
3.527499590642664273e+00
3.518078920720027369e+00
3.510598776892608797e+00
3.505089279059531826e+00
3.501572612024026920e+00
3.500062936163060634e+00
3.500566330408494409e+00
3.503080767769371384e+00
3.507596123493894158e+00
3.514094215838227342e+00
3.522548879277961120e+00
3.532926069867444951e+00
3.545184002322739225e+00
3.559273318276207299e+00
3.575137285025240974e+00
3.592712023974830249e+00
3.611926767854119813e+00
3.632704145671231455e+00
3.654960494258942205e+00
3.678606195156728376e+00
3.703546035472678355e+00
3.729679591272199612e+00
3.756901631949763676e+00
3.785102543955412457e+00
3.814168772169834742e+00
3.843983277150754496e+00
3.874426006409458445e+00
3.905374377819793352e+00
3.936703773213123814e+00
3.968288040171715991e+00
3.999999999999998224e+00
