-1.008277046493849838e+01
-1.088223982374994847e+01
-1.164889624031981441e+01
-1.237851970038908433e+01
-1.306700832637271503e+01
-1.371041360269045128e+01
-1.430497517516168671e+01
-1.484715478155803936e+01
-1.533366887544190860e+01
-1.576151951726116351e+01
-1.612802312492057411e+01
-1.643083670135170138e+01
-1.666798118589319699e+01
-1.683786161255459746e+01
-1.693928379902627057e+01
-1.697146733468593993e+01
-1.693405468427759075e+01
-1.682711627551134370e+01
-1.665115149160117625e+01
-1.640708554480697501e+01
-1.609626226127582527e+01
-1.572043286288987929e+01
-1.528174088446586154e+01
-1.478270341579734293e+01
-1.422618890708246653e+01
-1.361539182039075513e+01
-1.295380445080127885e+01
-1.224518627608483001e+01
-1.149353122526972015e+01
-1.070303327908067104e+01
-9.878050835301550592e+00
-9.023070283131268354e+00
-8.142669235467757005e+00
-7.241479867695758799e+00
-6.324152802496136871e+00
-5.395321966410904224e+00
-4.459570822685336111e+00
-3.521400358971312983e+00
-2.585199176048678993e+00
-1.655215987158168645e+00
-7.355347966512226776e-01
1.699470180797284513e-01
1.057537545444773741e+00
1.923765971685824638e+00
2.765394931182179050e+00
3.579429549725858806e+00
4.363123208343257176e+00
5.113980103645232589e+00
5.829754730510110505e+00
6.508448456621355405e+00
7.148303402123435291e+00
7.747793874598798425e+00
8.305615643828883066e+00
8.820673369281923470e+00
9.292066515211857336e+00
9.719074107421082687e+00
1.010113869425276789e+01
1.043784988133748826e+01
1.072892780695560333e+01
1.097420691710659568e+01
1.117362038639734578e+01
1.132718551009716990e+01
1.143499036799565438e+01
1.149718202993126503e+01
1.151395653829340482e+01
1.148555086240400414e+01
1.141223697819984473e+01
1.129431818020376710e+01
1.113212768560215693e+01
1.092602954151598027e+01
1.067642179767932475e+01
1.038374185750545209e+01
1.004847387444770490e+01
9.671158015321434931e+00
9.252401370659921298e+00
8.792890254751931423e+00
8.293403604982660937e+00
7.754827162782934380e+00
7.178168095961449779e+00
6.564569707392408304e+00
5.915325864906225917e+00
5.231894785344231025e+00
4.515911809317600500e+00
3.769200813186980525e+00
2.993783922828878730e+00
2.191889215092707843e+00
1.365956121648686405e+00
5.186382842822929717e-01
-3.471963529211379296e-01
-1.228468385422591069e+00
-2.121892850717213008e+00
-3.023988269534537920e+00
-3.931088854655442333e+00
-4.839359864648486109e+00
-5.744816029308907446e+00
-6.643342923006585465e+00
-7.530721112258916605e+00
-8.402652857753899696e+00
-9.254791105881182034e+00
-1.008277046492490570e+01
