-1.255439570492229251e+01
-1.324043349280587734e+01
-1.392587162794867339e+01
-1.460782178573778367e+01
-1.528332932135672451e+01
-1.594938851120661383e+01
-1.660295923785354688e+01
-1.724098497750550507e+01
-1.786041192602237970e+01
-1.845820907683050649e+01
-1.903138904526429087e+01
-1.957702941702648758e+01
-2.009229438556274516e+01
-2.057445643252318490e+01
-2.102091779962710660e+01
-2.142923149679126027e+01
-2.179712159259177184e+01
-2.212250253803175326e+01
-2.240349728208954616e+01
-2.263845395028450724e+01
-2.282596087239132032e+01
-2.296485976384316530e+01
-2.305425688758023739e+01
-2.309353204606008347e+01
-2.308234528080446069e+01
-2.302064118433295192e+01
-2.290865075932349271e+01
-2.274689079102871858e+01
-2.253616072954601890e+01
-2.227753711129177816e+01
-2.197236557856857075e+01
-2.162225058796868638e+01
-2.122904292643775648e+01
-2.079482518137792368e+01
-2.032189533635370537e+01
-1.981274868693982683e+01
-1.927005829078306220e+01
-1.869665418301330817e+01
-1.809550160126217122e+01
-1.746967847500189919e+01
-1.682235243964705518e+01
-1.615675763853106162e+01
-1.547617157470831728e+01
-1.478389226912868537e+01
-1.408321597370962763e+01
-1.337741567462884262e+01
-1.266972060673429468e+01
-1.196329698046150725e+01
-1.126123010176834782e+01
-1.056650804160876334e+01
-9.882006985312557390e+00
-9.210478365092242825e+00
-8.554537849380707826e+00
-7.916656233662941133e+00
-7.299152247067084431e+00
-6.704187259262447185e+00
-6.133761843748203546e+00
-5.589714124382076932e+00
-5.073719807827821171e+00
-4.587293778576253089e+00
-4.131793113501991854e+00
-3.708421353378312801e+00
-3.318233854658814153e+00
-2.962144032063203980e+00
-2.640930296402839161e+00
-2.355243485855087471e+00
-2.105614590813939202e+00
-1.892462573666236381e+00
-1.716102093341714152e+00
-1.576750953193513993e+00
-1.474537104555157185e+00
-1.409505053933436614e+00
-1.381621539168165214e+00
-1.390780361149762001e+00
-1.436806278256689495e+00
-1.519457894696184752e+00
-1.638429497913080013e+00
-1.793351824519682225e+00
-1.983791760519636682e+00
-2.209251004973250332e+00
-2.469163752584865534e+00
-2.762893472697957264e+00
-3.089728885220363708e+00
-3.448879255038598046e+00
-3.839469143694543618e+00
-4.260532774531746725e+00
-4.711008180012115076e+00
-5.189731310337975856e+00
-5.695430290196505041e+00
-6.226720013469723369e+00
-6.782097266699700810e+00
-7.359936568284361158e+00
-7.958486904736552958e+00
-8.575869533914932674e+00
-9.210077013332536922e+00
-9.858973594213289005e+00
-1.052029710372663374e+01
-1.119166241549340413e+01
-1.187056658558045541e+01
-1.255439570492067247e+01
