1.550881698788544938e+01
1.550081080653824017e+01
1.549316633491357287e+01
1.548590523574447531e+01
1.547904747687901050e+01
1.547261138017723070e+01
1.546661367172513657e+01
1.546106953218736635e+01
1.545599264628608438e+01
1.545139525054438323e+01
1.544728817856795899e+01
1.544368090325958498e+01
1.544058157546750465e+01
1.543799705866251060e+01
1.543593295932042508e+01
1.543439365275829722e+01
1.543338230423533375e+01
1.543290088518497605e+01
1.543295018449397737e+01
1.543352981478936137e+01
1.543463821373621592e+01
1.543627264038974900e+01
1.543842916668527998e+01
1.544110266419125743e+01
1.544428678629407869e+01
1.544797394603094176e+01
1.545215528983901621e+01
1.545682066754730499e+01
1.546195859900233849e+01
1.546755623779157673e+01
1.547359933260935705e+01
1.548007218690040432e+01
1.548695761751526234e+01
1.549423691322071939e+01
1.550188979402581069e+01
1.550989437240967916e+01
1.551822711766988405e+01
1.552686282474679480e+01
1.553577458901886210e+01
1.554493378870130904e+01
1.555431007661291076e+01
1.556387138319692909e+01
1.557358393278681774e+01
1.558341227518828909e+01
1.559331933469876752e+01
1.560326647869501393e+01
1.561321360788051038e+01
1.562311927018694213e+01
1.563294080015933218e+01
1.564263448541304768e+01
1.565215576142469800e+01
1.566145943550109365e+01
1.567049994025561510e+01
1.567923161630771745e+01
1.568760902320988571e+01
1.569558727680332488e+01
1.570312241032048028e+01
1.571017175560755241e+01
1.571669433985907816e+01
1.572265129227349689e+01
1.572800625409538711e+01
1.573272578465629934e+01
1.573677975531701279e+01
1.574014172270782197e+01
1.574278927241680925e+01
1.574470432433989764e+01
1.574587339131919883e+01
1.574628778347920388e+01
1.574594375182194561e+01
1.574484256613522781e+01
1.574299052404829347e+01
1.574039889005768345e+01
1.573708376544366061e+01
1.573306589209292561e+01
1.572837039522169000e+01
1.572302647174682910e+01
1.571706703249025772e+01
1.571052830745546203e+01
1.570344942404634914e+01
1.569587196829933085e+01
1.568783953899042949e+01
1.567939730390599706e+01
1.567059156669227349e+01
1.566146935160123732e+01
1.565207801220734751e+01
1.564246486885917697e+01
1.563267687832090580e+01
1.562276033780950257e+01
1.561276062448914281e+01
1.560272197047627785e+01
1.559268727255490816e+01
1.558269793510912571e+01
1.557279374424594920e+01
1.556301277069638012e+01
1.555339129883175886e+01
1.554396377899816883e+01
1.553476280033502022e+01
1.552581908128622601e+01
1.551716147511551469e+01
1.550881698788544938e+01
