1.572069389182826704e+01
1.571343226713159247e+01
1.570635075765163258e+01
1.569947304835011970e+01
1.569282174806209618e+01
1.568641836679596935e+01
1.568028329886818639e+01
1.567443581117327334e+01
1.566889403588624496e+01
1.566367496690023131e+01
1.565879445931586744e+01
1.565426723131951015e+01
1.565010686781329419e+01
1.564632582519015358e+01
1.564293543668024711e+01
1.563994591773081133e+01
1.563736637091840542e+01
1.563520478993053509e+01
1.563346806219205654e+01
1.563216196975053229e+01
1.563129118807385787e+01
1.563085928245302192e+01
1.563086870174328347e+01
1.563132076921886870e+01
1.563221567036010384e+01
1.563355243743875178e+01
1.563532893081804964e+01
1.563754181693995271e+01
1.564018654303444578e+01
1.564325730865622788e+01
1.564674703423377444e+01
1.565064732690667526e+01
1.565494844403032459e+01
1.565963925484433616e+01
1.566470720093319358e+01
1.567013825625573809e+01
1.567591688768395741e+01
1.568202601717086786e+01
1.568844698685988348e+01
1.569515952865130082e+01
1.570214173994999385e+01
1.570937006752571641e+01
1.571681930161400409e+01
1.572446258255994600e+01
1.573227142244491361e+01
1.574021574422071446e+01
1.574826394088798232e+01
1.575638295717602766e+01
1.576453839598952555e+01
1.577269465156520489e+01
1.578081507081406443e+01
1.578886214370287533e+01
1.579679772275298788e+01
1.580458327081547942e+01
1.581218013524415156e+01
1.581954984547050103e+01
1.582665442984063020e+01
1.583345674646923840e+01
1.583992082187464057e+01
1.584601219035953612e+01
1.585169822656879468e+01
1.585694846344983411e+01
1.586173488800486275e+01
1.586603220777198509e+01
1.586981808188676268e+01
1.587307331180798364e+01
1.587578198826204101e+01
1.587793159256849584e+01
1.587951305214157927e+01
1.588052075150577735e+01
1.588095250151728699e+01
1.588080947056929126e+01
1.588009608232981407e+01
1.587881988500144992e+01
1.587699139721907571e+01
1.587462393555712659e+01
1.587173342826254263e+01
1.586833821933185895e+01
1.586445886647940817e+01
1.586011793595907626e+01
1.585533979665191673e+01
1.585015041534887636e+01
1.584457715475910788e+01
1.583864857546368121e+01
1.583239424280560925e+01
1.582584453954661008e+01
1.581903048501252051e+01
1.581198356137511851e+01
1.580473554766316902e+01
1.579731836204633488e+01
1.578976391288337844e+01
1.578210395896450358e+01
1.577436997930431595e+01
1.576659305275634182e+01
1.575880374762431657e+01
1.575103202134217817e+01
1.574330713018777672e+01
1.573565754888841717e+01
1.572811089987291311e+01
1.572069389182826704e+01
