5.042857142857140929e+00
5.059812409812407985e+00
5.076767676767675042e+00
5.093722943722942098e+00
5.110678210678208266e+00
5.127633477633476211e+00
5.144588744588743268e+00
5.161544011544009436e+00
5.178499278499276492e+00
5.195454545454543549e+00
5.212409812409810606e+00
5.229365079365077662e+00
5.246320346320344719e+00
5.263275613275611775e+00
5.280230880230878832e+00
5.297186147186145888e+00
5.314141414141412056e+00
5.331096681096679113e+00
5.348051948051946169e+00
5.365007215007213226e+00
5.381962481962480283e+00
5.398917748917746451e+00
5.415873015873014396e+00
5.432828282828280564e+00
5.449783549783548509e+00
5.466738816738814677e+00
5.483694083694081733e+00
5.500649350649348790e+00
5.517604617604615846e+00
5.534559884559882903e+00
5.551515151515149959e+00
5.568470418470417016e+00
5.585425685425683184e+00
5.602380952380951129e+00
5.619336219336217297e+00
5.636291486291484354e+00
5.653246753246751410e+00
5.670202020202019355e+00
5.687157287157285523e+00
5.704112554112551692e+00
5.721067821067819636e+00
5.738023088023086693e+00
5.754978354978352861e+00
5.771933621933619918e+00
5.788888888888887863e+00
5.805844155844154031e+00
5.822799422799420199e+00
5.839754689754688144e+00
5.856709956709954312e+00
5.873665223665221369e+00
5.890620490620488425e+00
5.907575757575756370e+00
5.924531024531022538e+00
5.941486291486289595e+00
5.958441558441556651e+00
5.975396825396823708e+00
5.992352092352090764e+00
6.009307359307356933e+00
6.026262626262624877e+00
6.043217893217891046e+00
6.060173160173158990e+00
6.077128427128425159e+00
6.094083694083692215e+00
6.111038961038959272e+00
6.127994227994226328e+00
6.144949494949493385e+00
6.161904761904759553e+00
6.178860028860027498e+00
6.195815295815293666e+00
6.212770562770561611e+00
6.229725829725827779e+00
6.246681096681094836e+00
6.263636363636361892e+00
6.280591630591628949e+00
6.297546897546896005e+00
6.314502164502162174e+00
6.331457431457430118e+00
6.348412698412697175e+00
6.365367965367964231e+00
6.382323232323231288e+00
6.399278499278497456e+00
6.416233766233764513e+00
6.433189033189031569e+00
6.450144300144298626e+00
6.467099567099564794e+00
6.484054834054832739e+00
6.501010101010099795e+00
6.517965367965366852e+00
6.534920634920633908e+00
6.551875901875900077e+00
6.568831168831167133e+00
6.585786435786433302e+00
6.602741702741701246e+00
6.619696969696968303e+00
6.636652236652235359e+00
6.653607503607502416e+00
6.670562770562768584e+00
6.687518037518036529e+00
6.704473304473302697e+00
6.721428571428569754e+00
