4.028571428571426694e+00
4.008225108225106581e+00
3.987878787878786024e+00
3.967532467532465468e+00
3.947186147186145355e+00
3.926839826839824799e+00
3.906493506493504686e+00
3.886147186147184129e+00
3.865800865800864017e+00
3.845454545454543460e+00
3.825108225108223348e+00
3.804761904761902347e+00
3.784415584415582678e+00
3.764069264069262122e+00
3.743722943722942009e+00
3.723376623376621453e+00
3.703030303030300896e+00
3.682683982683980783e+00
3.662337662337660227e+00
3.641991341991340114e+00
3.621645021645020002e+00
3.601298701298699001e+00
3.580952380952378888e+00
3.560606060606058332e+00
3.540259740259738219e+00
3.519913419913417663e+00
3.499567099567097550e+00
3.479220779220777438e+00
3.458874458874456437e+00
3.438528138528136768e+00
3.418181818181816212e+00
3.397835497835496099e+00
3.377489177489175098e+00
3.357142857142854986e+00
3.336796536796534873e+00
3.316450216450214317e+00
3.296103896103894204e+00
3.275757575757574092e+00
3.255411255411253091e+00
3.235064935064932978e+00
3.214718614718612422e+00
3.194372294372292753e+00
3.174025974025971752e+00
3.153679653679651196e+00
3.133333333333331527e+00
3.112987012987010971e+00
3.092640692640690414e+00
3.072294372294369857e+00
3.051948051948049745e+00
3.031601731601729188e+00
3.011255411255409076e+00
2.990909090909088519e+00
2.970562770562768407e+00
2.950216450216448294e+00
2.929870129870127737e+00
2.909523809523807181e+00
2.889177489177487068e+00
2.868831168831166956e+00
2.848484848484846399e+00
2.828138528138525842e+00
2.807792207792205730e+00
2.787445887445885173e+00
2.767099567099564617e+00
2.746753246753244504e+00
2.726406926406924391e+00
2.706060606060604279e+00
2.685714285714283278e+00
2.665367965367963166e+00
2.645021645021642609e+00
2.624675324675322496e+00
2.604329004329001940e+00
2.583982683982681827e+00
2.563636363636361715e+00
2.543290043290040714e+00
2.522943722943720601e+00
2.502597402597400045e+00
2.482251082251079932e+00
2.461904761904759376e+00
2.441558441558439263e+00
2.421212121212119150e+00
2.400865800865798594e+00
2.380519480519478037e+00
2.360173160173157925e+00
2.339826839826837368e+00
2.319480519480517255e+00
2.299134199134196699e+00
2.278787878787876586e+00
2.258441558441556030e+00
2.238095238095235473e+00
2.217748917748915360e+00
2.197402597402594804e+00
2.177056277056274691e+00
2.156709956709954135e+00
2.136363636363634022e+00
2.116017316017313465e+00
2.095670995670993353e+00
2.075324675324672796e+00
2.054978354978352684e+00
2.034632034632032127e+00
2.014285714285712015e+00
