-2.014285714285713347e+00
-2.004112554112553291e+00
-1.993939393939393012e+00
-1.983766233766232734e+00
-1.973593073593072678e+00
-1.963419913419912399e+00
-1.953246753246752343e+00
-1.943073593073592065e+00
-1.932900432900432008e+00
-1.922727272727271730e+00
-1.912554112554111674e+00
-1.902380952380951173e+00
-1.892207792207791339e+00
-1.882034632034631061e+00
-1.871861471861471005e+00
-1.861688311688310726e+00
-1.851515151515150448e+00
-1.841341991341990392e+00
-1.831168831168830113e+00
-1.820995670995670057e+00
-1.810822510822510001e+00
-1.800649350649349500e+00
-1.790476190476189444e+00
-1.780303030303029166e+00
-1.770129870129869110e+00
-1.759956709956708831e+00
-1.749783549783548775e+00
-1.739610389610388719e+00
-1.729437229437228218e+00
-1.719264069264068384e+00
-1.709090909090908106e+00
-1.698917748917748050e+00
-1.688744588744587549e+00
-1.678571428571427493e+00
-1.668398268398267437e+00
-1.658225108225107158e+00
-1.648051948051947102e+00
-1.637878787878787046e+00
-1.627705627705626545e+00
-1.617532467532466489e+00
-1.607359307359306211e+00
-1.597186147186146377e+00
-1.587012987012985876e+00
-1.576839826839825598e+00
-1.566666666666665764e+00
-1.556493506493505485e+00
-1.546320346320345207e+00
-1.536147186147184929e+00
-1.525974025974024872e+00
-1.515800865800864594e+00
-1.505627705627704538e+00
-1.495454545454544260e+00
-1.485281385281384203e+00
-1.475108225108224147e+00
-1.464935064935063869e+00
-1.454761904761903590e+00
-1.444588744588743534e+00
-1.434415584415583478e+00
-1.424242424242423199e+00
-1.414069264069262921e+00
-1.403896103896102865e+00
-1.393722943722942587e+00
-1.383549783549782308e+00
-1.373376623376622252e+00
-1.363203463203462196e+00
-1.353030303030302139e+00
-1.342857142857141639e+00
-1.332683982683981583e+00
-1.322510822510821304e+00
-1.312337662337661248e+00
-1.302164502164500970e+00
-1.291991341991340914e+00
-1.281818181818180857e+00
-1.271645021645020357e+00
-1.261471861471860301e+00
-1.251298701298700022e+00
-1.241125541125539966e+00
-1.230952380952379688e+00
-1.220779220779219632e+00
-1.210606060606059575e+00
-1.200432900432899297e+00
-1.190259740259739019e+00
-1.180086580086578962e+00
-1.169913419913418684e+00
-1.159740259740258628e+00
-1.149567099567098349e+00
-1.139393939393938293e+00
-1.129220779220778015e+00
-1.119047619047617736e+00
-1.108874458874457680e+00
-1.098701298701297402e+00
-1.088528138528137346e+00
-1.078354978354977067e+00
-1.068181818181817011e+00
-1.058008658008656733e+00
-1.047835497835496676e+00
-1.037662337662336398e+00
-1.027489177489176342e+00
-1.017316017316016064e+00
-1.007142857142856007e+00
