1.082029492179603736e+01
1.078693244995683642e+01
1.075491091690954448e+01
1.072423069065937185e+01
1.069489213047521758e+01
1.066689558717786923e+01
1.064024140334159441e+01
1.061492991362494109e+01
1.059096144489388180e+01
1.056833631660591166e+01
1.054705484098121460e+01
1.052711732324742400e+01
1.050852406176398190e+01
1.049127534832214792e+01
1.047537146833925092e+01
1.046081270100477667e+01
1.044759931945192832e+01
1.043573159098403380e+01
1.042520977724351283e+01
1.041603413429650615e+01
1.040820491289067107e+01
1.040172235854542748e+01
1.039658671171394033e+01
1.039279820791715991e+01
1.039035707790016616e+01
1.038926354776805994e+01
1.038951783900773407e+01
1.039112016880850220e+01
1.039407075002533176e+01
1.039836979130963357e+01
1.040401749728461667e+01
1.041101406855139189e+01
1.041935970198329287e+01
1.042905459053095996e+01
1.044009892362554126e+01
1.045249288704012969e+01
1.046623666314217616e+01
1.048133043082875204e+01
1.049777436576221490e+01
1.051556864036659533e+01
1.053471342388555598e+01
1.055520888257042600e+01
1.057705517959018238e+01
1.060025247527513059e+01
1.062480092705997947e+01
1.065070068963013128e+01
1.067795191492563589e+01
1.070655475224259590e+01
1.073650934829964498e+01
1.076781584730006358e+01
1.080047439093020856e+01
1.083448511853741181e+01
1.086984816703631651e+01
1.090656367108185520e+01
1.094463176301215412e+01
1.098405257310967187e+01
1.102482622931473699e+01
1.106695285761000491e+01
1.111043258184740878e+01
1.115526552388134363e+01
1.120145180361935644e+01
1.124899153899488269e+01
1.129788484606902799e+01
1.134813183911883883e+01
1.139973263052931962e+01
1.145268733097151426e+01
1.150699604932866471e+01
1.156265889288682480e+01
1.161967596718879037e+01
1.167804737616537736e+01
1.173777322217972596e+01
1.179885360605717715e+01
1.186128862700551601e+01
1.192507838283080801e+01
1.199022296981723734e+01
1.205672248286325399e+01
1.212457701539945987e+01
1.219378665950697993e+01
1.226435150591183110e+01
1.233627164400712850e+01
1.240954716190925033e+01
1.248417814643074131e+01
1.256016468314295409e+01
1.263750685637431559e+01
1.271620474927257938e+01
1.279625844377793698e+01
1.287766802071890382e+01
1.296043355978052425e+01
1.304455513945270084e+01
1.313003283721601022e+01
1.321686672946763430e+01
1.330505689150677995e+01
1.339460339761034469e+01
1.348550632110351621e+01
1.357776573422187560e+01
1.367138170826309462e+01
1.376635431355013672e+01
1.386268361950360095e+01
1.396036969459719579e+01
1.405941260629985656e+01
