-3.055393394089906423e+01
-3.040284070059195187e+01
-3.025014766656972398e+01
-3.009585478694742022e+01
-2.993996201117470690e+01
-2.978246929008700761e+01
-2.962337657584628658e+01
-2.946268382185687784e+01
-2.930039098273930165e+01
-2.913649801417903973e+01
-2.897100487309856476e+01
-2.880391151747343059e+01
-2.863521790625341623e+01
-2.846492399946504293e+01
-2.829302975805774878e+01
-2.811953514393567843e+01
-2.794444011990089649e+01
-2.776774464963454392e+01
-2.758944869766823871e+01
-2.740955222941645530e+01
-2.722805521097500048e+01
-2.704495760930461756e+01
-2.686025939207839031e+01
-2.667396052771179171e+01
-2.648606098535074693e+01
-2.629656073482021839e+01
-2.610545974659334689e+01
-2.591275799186703210e+01
-2.571845544239611314e+01
-2.552255207062875542e+01
-2.532504784959613175e+01
-2.512594275293690771e+01
-2.492523675480389045e+01
-2.472292983002382982e+01
-2.451902195392622019e+01
-2.431351310239818986e+01
-2.410640325184128585e+01
-2.389769237921559863e+01
-2.368738046195610991e+01
-2.347546747804911149e+01
-2.326195340592780525e+01
-2.304683822453006314e+01
-2.283012191329149942e+01
-2.261180445207048706e+01
-2.239188582122249471e+01
-2.217036600155484649e+01
-2.194724497434868482e+01
-2.172252272122987193e+01
-2.149619922436652786e+01
-2.126827446631062912e+01
-2.103874843000674844e+01
-2.080762109887900380e+01
-2.057489245671870037e+01
-2.034056248769265096e+01
-2.010463117647538667e+01
-1.986709850800842503e+01
-1.962796446772409809e+01
-1.938722904136690062e+01
-1.914489221514462969e+01
-1.890095397553572099e+01
-1.865541430952902857e+01
-1.840827320434063097e+01
-1.815953064764914160e+01
-1.790918662745785639e+01
-1.765724113218143998e+01
-1.740369415049332957e+01
-1.714854567147634157e+01
-1.689179568459145742e+01
-1.663344417960145449e+01
-1.637349114666171346e+01
-1.611193657615744712e+01
-1.584878045894426180e+01
-1.558402278617504066e+01
-1.531766354925490248e+01
-1.504970274002072017e+01
-1.478014035057885422e+01
-1.450897637338965040e+01
-1.423621080122450167e+01
-1.396184362720460115e+01
-1.368587484467766302e+01
-1.340830444741086325e+01
-1.312913242944325276e+01
-1.284835878513141694e+01
-1.256598350909293060e+01
-1.228200659634094194e+01
-1.199642804213355873e+01
-1.170924784202782121e+01
-1.142046599194925705e+01
-1.113008248802825051e+01
-1.083809732671467430e+01
-1.054451050482622065e+01
-1.024932201940782761e+01
-9.952531867805348043e+00
-9.654140047646848188e+00
-9.354146556897482867e+00
-9.052551393739882712e+00
-8.749354556682831685e+00
-8.444556044464071931e+00
-8.138155856208186378e+00
-7.830153991214565679e+00
