-3.160164304606075092e+01
-3.231669201766364807e+01
-3.303364821114205085e+01
-3.375251101269729048e+01
-3.447327982562667614e+01
-3.519595406974479346e+01
-3.592053318076534651e+01
-3.664701660971589092e+01
-3.737540382246123727e+01
-3.810569429917728712e+01
-3.883788753372743940e+01
-3.957198303334035927e+01
-4.030798031811930571e+01
-4.104587892048755293e+01
-4.178567838491909470e+01
-4.252737826746711391e+01
-4.327097813537123727e+01
-4.401647756669558476e+01
-4.476387615001814879e+01
-4.551317348399953744e+01
-4.626436917712976538e+01
-4.701746284737177461e+01
-4.777245412188487705e+01
-4.852934263676444004e+01
-4.928812803665307740e+01
-5.004880997457068759e+01
-5.081138811161329727e+01
-5.157586211672658294e+01
-5.234223166646691539e+01
-5.311049644471582099e+01
-5.388065614253055458e+01
-5.465271045784302828e+01
-5.542665909541547364e+01
-5.620250176641549444e+01
-5.698023818839207877e+01
-5.775986808503488135e+01
-5.854139118601214875e+01
-5.932480722674544893e+01
-6.011011594829098215e+01
-6.089731709718994068e+01
-6.168641042526469676e+01
-6.247739568952732725e+01
-6.327027265193910921e+01
-6.406504107941957216e+01
-6.486170074352376957e+01
-6.566025142052555452e+01
-6.646069289106932843e+01
-6.726302494020794143e+01
-6.806724735721560648e+01
-6.887335993552036939e+01
-6.968136247250704685e+01
-7.049125476951371638e+01
-7.130303663161178918e+01
-7.211670786762472574e+01
-7.293226828997724454e+01
-7.374971771456135627e+01
-7.456905596070571107e+01
-7.539028285108088312e+01
-7.621339821151242688e+01
-7.703840187110826321e+01
-7.786529366194389468e+01
-7.869407341914123322e+01
-7.952474098073466280e+01
-8.035729618759083337e+01
-8.119173888334081823e+01
-8.202806891433797887e+01
-8.286628612958516271e+01
-8.370639038064305737e+01
-8.454838152155386410e+01
-8.539225940881969734e+01
-8.623802390139162810e+01
-8.708567486043475014e+01
-8.793521214947271858e+01
-8.878663563419887339e+01
-8.963994518248581755e+01
-9.049514066435574478e+01
-9.135222195182898020e+01
-9.221118891893831915e+01
-9.307204144177170235e+01
-9.393477939819122469e+01
-9.479940266808212357e+01
-9.566591113305503313e+01
-9.653430467655870473e+01
-9.740458318373775626e+01
-9.827674654151755362e+01
-9.915079463843159147e+01
-1.000267273646592798e+02
-1.009045446119885980e+02
-1.017842462737677920e+02
-1.026658322448185174e+02
-1.035493024214811726e+02
-1.044346567015681728e+02
-1.053218949842924985e+02
-1.062110171702942409e+02
-1.071020231614981242e+02
-1.079949128612371112e+02
-1.088896861741046678e+02
-1.097863430060183987e+02
-1.106848832640268370e+02
-1.115853068565481578e+02
