1.552574815683218645e+01
1.552271363317134245e+01
1.551970313946067748e+01
1.551671630764554877e+01
1.551375277844125655e+01
1.551081220105067437e+01
1.550789423289331559e+01
1.550499853934532801e+01
1.550212479348985717e+01
1.549927267587728430e+01
1.549644187429487552e+01
1.549363208354539090e+01
1.549084300523423963e+01
1.548807434756477441e+01
1.548532582514136102e+01
1.548259715877986409e+01
1.547988807532519751e+01
1.547719830747564984e+01
1.547452759361366326e+01
1.547187567764276928e+01
1.546924230883045226e+01
1.546662724165663327e+01
1.546403023566755586e+01
1.546145105533485165e+01
1.545888946991953006e+01
1.545634525334073572e+01
1.545381818404900898e+01
1.545130804490392507e+01
1.544881462305588649e+01
1.544633770983191390e+01
1.544387710062528285e+01
1.544143259478882690e+01
1.543900399553177571e+01
1.543659110981999127e+01
1.543419374827945312e+01
1.543181172510287524e+01
1.542944485795931797e+01
1.542709296790671303e+01
1.542475587930714198e+01
1.542243341974479698e+01
1.542012541994650832e+01
1.541783171370475358e+01
1.541555213780303113e+01
1.541328653194354104e+01
1.541103473867705631e+01
1.540879660333493462e+01
1.540657197396317102e+01
1.540436070125841539e+01
1.540216263850591005e+01
1.539997764151924109e+01
1.539780556858187666e+01
1.539564628039039995e+01
1.539349963999938531e+01
1.539136551276787479e+01
1.538924376630737534e+01
1.538713427043134452e+01
1.538503689710610089e+01
1.538295152040311997e+01
1.538087801645265174e+01
1.537881626339864560e+01
1.537676614135490460e+01
1.537472753236245104e+01
1.537270032034805567e+01
1.537068439108388951e+01
1.536867963214827348e+01
1.536668593288746365e+01
1.536470318437848448e+01
1.536273127939291427e+01
1.536077011236165291e+01
1.535881957934060082e+01
1.535687957797724401e+01
1.535495000747808625e+01
1.535303076857694649e+01
1.535112176350405022e+01
1.534922289595592559e+01
1.534733407106604552e+01
1.534545519537623015e+01
1.534358617680875625e+01
1.534172692463916299e+01
1.533987734946974513e+01
1.533803736320368039e+01
1.533620687901981938e+01
1.533438581134806888e+01
1.533257407584539322e+01
1.533077158937237705e+01
1.532897826997037249e+01
1.532719403683918458e+01
1.532541881031528419e+01
1.532365251185054866e+01
1.532189506399149614e+01
1.532014639035901560e+01
1.531840641562855687e+01
1.531667506551079860e+01
1.531495226673275489e+01
1.531323794701931362e+01
1.531153203507520821e+01
1.530983446056738728e+01
1.530814515410780530e+01
1.530646404723657383e+01
1.530479107240551784e+01
