1.534260472434701406e+01
1.534181927331551165e+01
1.534103433670668082e+01
1.534024986259796108e+01
1.533946580047741826e+01
1.533868210118765418e+01
1.533789871687281270e+01
1.533711560092852011e+01
1.533633270795455950e+01
1.533554999371010652e+01
1.533476741507140595e+01
1.533398492999170060e+01
1.533320249746330965e+01
1.533242007748171432e+01
1.533163763101154053e+01
1.533085511995431460e+01
1.533007250711791158e+01
1.532928975618757406e+01
1.532850683169843897e+01
1.532772369900945009e+01
1.532694032427861508e+01
1.532615667443951679e+01
1.532537271717898442e+01
1.532458842091591933e+01
1.532380375478114054e+01
1.532301868859824623e+01
1.532223319286541674e+01
1.532144723873810399e+01
1.532066079801256642e+01
1.531987384311019973e+01
1.531908634706262795e+01
1.531829828349749967e+01
1.531750962662496285e+01
1.531672035122478981e+01
1.531593043263409371e+01
1.531513984673562234e+01
1.531434856994660976e+01
1.531355657920812519e+01
1.531276385197491940e+01
1.531197036620573115e+01
1.531117610035403942e+01
1.531038103335921541e+01
1.530958514463809372e+01
1.530878841407689173e+01
1.530799082202349837e+01
1.530719234928009875e+01
1.530639297709611135e+01
1.530559268716142896e+01
1.530479146159995452e+01
1.530398928296339811e+01
1.530318613422533502e+01
1.530238199877551253e+01
1.530157686041438581e+01
1.530077070334786704e+01
1.529996351218229300e+01
1.529915527191958979e+01
1.529834596795260815e+01
1.529753558606066477e+01
1.529672411240522045e+01
1.529591153352574118e+01
1.529509783633569597e+01
1.529428300811870223e+01
1.529346703652481132e+01
1.529264990956690440e+01
1.529183161561723026e+01
1.529101214340404802e+01
1.529019148200836575e+01
1.528936962086080342e+01
1.528854654973853755e+01
1.528772225876233648e+01
1.528689673839368801e+01
1.528606997943199985e+01
1.528524197301188714e+01
1.528441271060050966e+01
1.528358218399501212e+01
1.528275038531998220e+01
1.528191730702501339e+01
1.528108294188228733e+01
1.528024728298422374e+01
1.527941032374118890e+01
1.527857205787922368e+01
1.527773247943783907e+01
1.527689158276783843e+01
1.527604936252917689e+01
1.527520581368886354e+01
1.527436093151888485e+01
1.527351471159415830e+01
1.527266714979053042e+01
1.527181824228276952e+01
1.527096798554261170e+01
1.527011637633681218e+01
1.526926341172520907e+01
1.526840908905882799e+01
1.526755340597797961e+01
1.526669636041038380e+01
1.526583795056930448e+01
1.526497817495169151e+01
1.526411703233634398e+01
1.526325452178206632e+01
1.526239064262584755e+01
