1.555094392775379042e+01
1.554653705982301659e+01
1.554217038765219172e+01
1.553784329740945580e+01
1.553355519239175742e+01
1.552930549240235614e+01
1.552509363315591173e+01
1.552091906570974267e+01
1.551678125591983282e+01
1.551267968392036600e+01
1.550861384362552364e+01
1.550458324225246542e+01
1.550058739986437217e+01
1.549662584893259698e+01
1.549269813391693873e+01
1.548880381086316405e+01
1.548494244701693034e+01
1.548111362045331418e+01
1.547731691972121482e+01
1.547355194350187624e+01
1.546981830028092375e+01
1.546611560803322405e+01
1.546244349392001816e+01
1.545880159399771614e+01
1.545518955293786689e+01
1.545160702375774520e+01
1.544805366756112797e+01
1.544452915328874987e+01
1.544103315747806704e+01
1.543756536403185109e+01
1.543412546399529894e+01
1.543071315534122512e+01
1.542732814276302200e+01
1.542397013747506307e+01
1.542063885702019199e+01
1.541733402508404360e+01
1.541405537131588765e+01
1.541080263115571825e+01
1.540757554566735621e+01
1.540437386137728382e+01
1.540119733011900749e+01
1.539804570888271229e+01
1.539491875967000034e+01
1.539181624935349468e+01
1.538873794954113983e+01
1.538568363644500714e+01
1.538265309075440790e+01
1.537964609751317724e+01
1.537666244600095311e+01
1.537370192961829929e+01
1.537076434577551787e+01
1.536784949578503046e+01
1.536495718475718775e+01
1.536208722149935468e+01
1.535923941841819840e+01
1.535641359142501372e+01
1.535360955984400988e+01
1.535082714632342693e+01
1.534806617674939488e+01
1.534532648016242540e+01
1.534260788867647207e+01
1.533991023740040660e+01
1.533723336436190721e+01
1.533457711043359950e+01
1.533194131926143022e+01
1.532932583719515307e+01
1.532673051322088575e+01
1.532415519889565125e+01
1.532159974828384108e+01
1.531906401789552952e+01
1.531654786662659617e+01
1.531405115570056807e+01
1.531157374861215104e+01
1.530911551107238111e+01
1.530667631095534098e+01
1.530425601824640758e+01
1.530185450499195632e+01
1.529947164525049708e+01
1.529710731504519039e+01
1.529476139231769061e+01
1.529243375688329110e+01
1.529012429038731113e+01
1.528783287626270848e+01
1.528555939968885902e+01
1.528330374755148036e+01
1.528106580840366036e+01
1.527884547242795676e+01
1.527664263139953604e+01
1.527445717865032471e+01
1.527228900903413589e+01
1.527013801889273736e+01
1.526800410602285929e+01
1.526588716964407766e+01
1.526378711036758062e+01
1.526170383016576437e+01
1.525963723234266389e+01
1.525758722150516000e+01
1.525555370353497686e+01
1.525353658556141667e+01
1.525153577593483334e+01
