5.042857142857140929e+00
5.083607503607502132e+00
5.124357864357863335e+00
5.165108225108222761e+00
5.205858585858583965e+00
5.246608946608945168e+00
5.287359307359305483e+00
5.328109668109665797e+00
5.368860028860027001e+00
5.409610389610387315e+00
5.450360750360748519e+00
5.491111111111108833e+00
5.531861471861469148e+00
5.572611832611830351e+00
5.613362193362191555e+00
5.654112554112550981e+00
5.694862914862912184e+00
5.735613275613273387e+00
5.776363636363634591e+00
5.817113997113995794e+00
5.857864357864355220e+00
5.898614718614716423e+00
5.939365079365077627e+00
5.980115440115437941e+00
6.020865800865798256e+00
6.061616161616159459e+00
6.102366522366519774e+00
6.143116883116880977e+00
6.183867243867242180e+00
6.224617604617601607e+00
6.265367965367962810e+00
6.306118326118324013e+00
6.346868686868683440e+00
6.387619047619044643e+00
6.428369408369405846e+00
6.469119769119767049e+00
6.509870129870128252e+00
6.550620490620487679e+00
6.591370851370848882e+00
6.632121212121210085e+00
6.672871572871569512e+00
6.713621933621930715e+00
6.754372294372291918e+00
6.795122655122652233e+00
6.835873015873013436e+00
6.876623376623374639e+00
6.917373737373734066e+00
6.958124098124095269e+00
6.998874458874456472e+00
7.039624819624816787e+00
7.080375180375177102e+00
7.121125541125538305e+00
7.161875901875899508e+00
7.202626262626260711e+00
7.243376623376620138e+00
7.284126984126981341e+00
7.324877344877342544e+00
7.365627705627702859e+00
7.406378066378063174e+00
7.447128427128424377e+00
7.487878787878784692e+00
7.528629148629145895e+00
7.569379509379507098e+00
7.610129870129866525e+00
7.650880230880227728e+00
7.691630591630588931e+00
7.732380952380949246e+00
7.773131313131309561e+00
7.813881673881670764e+00
7.854632034632031967e+00
7.895382395382393170e+00
7.936132756132753485e+00
7.976883116883113800e+00
8.017633477633474115e+00
8.058383838383834430e+00
8.099134199134194745e+00
8.139884559884556836e+00
8.180634920634917151e+00
8.221385281385279242e+00
8.262135642135639557e+00
8.302886002885999872e+00
8.343636363636360187e+00
8.384386724386722278e+00
8.425137085137080817e+00
8.465887445887442908e+00
8.506637806637803223e+00
8.547388167388163538e+00
8.588138528138525629e+00
8.628888888888885944e+00
8.669639249639246259e+00
8.710389610389606574e+00
8.751139971139966889e+00
8.791890331890327204e+00
8.832640692640689295e+00
8.873391053391049610e+00
8.914141414141411701e+00
8.954891774891772016e+00
8.995642135642132331e+00
9.036392496392492646e+00
9.077142857142854737e+00
