4.028571428571426694e+00
4.061125541125539584e+00
4.093679653679652475e+00
4.126233766233764477e+00
4.158787878787876480e+00
4.191341991341989370e+00
4.223896103896102261e+00
4.256450216450214263e+00
4.289004329004327154e+00
4.321558441558440045e+00
4.354112554112552047e+00
4.386666666666664050e+00
4.419220779220776940e+00
4.451774891774889831e+00
4.484329004329002721e+00
4.516883116883114724e+00
4.549437229437226726e+00
4.581991341991339617e+00
4.614545454545452507e+00
4.647099567099565398e+00
4.679653679653677401e+00
4.712207792207790291e+00
4.744761904761902294e+00
4.777316017316015184e+00
4.809870129870127187e+00
4.842424242424240077e+00
4.874978354978352968e+00
4.907532467532465859e+00
4.940086580086577861e+00
4.972640692640689863e+00
5.005194805194802754e+00
5.037748917748915645e+00
5.070303030303027647e+00
5.102857142857140538e+00
5.135411255411253428e+00
5.167965367965365431e+00
5.200519480519478321e+00
5.233073593073590324e+00
5.265627705627703214e+00
5.298181818181816105e+00
5.330735930735928108e+00
5.363290043290040110e+00
5.395844155844153001e+00
5.428398268398265891e+00
5.460952380952378782e+00
5.493506493506491672e+00
5.526060606060603675e+00
5.558614718614715677e+00
5.591168831168828568e+00
5.623722943722940570e+00
5.656277056277053461e+00
5.688831168831166352e+00
5.721385281385279242e+00
5.753939393939391245e+00
5.786493506493503247e+00
5.819047619047616138e+00
5.851601731601729028e+00
5.884155844155841919e+00
5.916709956709953921e+00
5.949264069264065924e+00
5.981818181818178815e+00
6.014372294372291705e+00
6.046926406926404596e+00
6.079480519480516598e+00
6.112034632034629489e+00
6.144588744588741491e+00
6.177142857142853494e+00
6.209696969696966384e+00
6.242251082251079275e+00
6.274805194805192166e+00
6.307359307359305056e+00
6.339913419913417947e+00
6.372467532467529061e+00
6.405021645021641952e+00
6.437575757575753954e+00
6.470129870129866845e+00
6.502683982683979735e+00
6.535238095238092626e+00
6.567792207792204628e+00
6.600346320346317519e+00
6.632900432900429522e+00
6.665454545454542412e+00
6.698008658008655303e+00
6.730562770562767305e+00
6.763116883116879308e+00
6.795670995670992198e+00
6.828225108225105089e+00
6.860779220779217979e+00
6.893333333333330870e+00
6.925887445887442873e+00
6.958441558441554875e+00
6.990995670995666877e+00
7.023549783549779768e+00
7.056103896103892659e+00
7.088658008658005549e+00
7.121212121212118440e+00
7.153766233766230442e+00
7.186320346320343333e+00
7.218874458874455335e+00
7.251428571428568226e+00
