-2.014285714285713347e+00
-2.030562770562769792e+00
-2.046839826839826237e+00
-2.063116883116882239e+00
-2.079393939393938240e+00
-2.095670995670994685e+00
-2.111948051948051130e+00
-2.128225108225107132e+00
-2.144502164502163577e+00
-2.160779220779220022e+00
-2.177056277056276024e+00
-2.193333333333332025e+00
-2.209610389610388470e+00
-2.225887445887444915e+00
-2.242164502164501361e+00
-2.258441558441557362e+00
-2.274718614718613363e+00
-2.290995670995669808e+00
-2.307272727272726254e+00
-2.323549783549782699e+00
-2.339826839826838700e+00
-2.356103896103895146e+00
-2.372380952380951147e+00
-2.388658008658007592e+00
-2.404935064935063593e+00
-2.421212121212120039e+00
-2.437489177489176484e+00
-2.453766233766232929e+00
-2.470043290043288930e+00
-2.486320346320344932e+00
-2.502597402597401377e+00
-2.518874458874457822e+00
-2.535151515151513824e+00
-2.551428571428570269e+00
-2.567705627705626714e+00
-2.583982683982682715e+00
-2.600259740259739161e+00
-2.616536796536795162e+00
-2.632813852813851607e+00
-2.649090909090908053e+00
-2.665367965367964054e+00
-2.681645021645020055e+00
-2.697922077922076500e+00
-2.714199134199132946e+00
-2.730476190476189391e+00
-2.746753246753245836e+00
-2.763030303030301837e+00
-2.779307359307357839e+00
-2.795584415584414284e+00
-2.811861471861470285e+00
-2.828138528138526731e+00
-2.844415584415583176e+00
-2.860692640692639621e+00
-2.876969696969695622e+00
-2.893246753246751624e+00
-2.909523809523808069e+00
-2.925800865800864514e+00
-2.942077922077920960e+00
-2.958354978354976961e+00
-2.974632034632032962e+00
-2.990909090909089407e+00
-3.007186147186145853e+00
-3.023463203463202298e+00
-3.039740259740258299e+00
-3.056017316017314744e+00
-3.072294372294370746e+00
-3.088571428571426747e+00
-3.104848484848483192e+00
-3.121125541125539637e+00
-3.137402597402596083e+00
-3.153679653679652528e+00
-3.169956709956708973e+00
-3.186233766233764531e+00
-3.202510822510820976e+00
-3.218787878787876977e+00
-3.235064935064933422e+00
-3.251341991341989868e+00
-3.267619047619046313e+00
-3.283896103896102314e+00
-3.300173160173158760e+00
-3.316450216450214761e+00
-3.332727272727271206e+00
-3.349004329004327651e+00
-3.365281385281383653e+00
-3.381558441558439654e+00
-3.397835497835496099e+00
-3.414112554112552544e+00
-3.430389610389608990e+00
-3.446666666666665435e+00
-3.462943722943721436e+00
-3.479220779220777438e+00
-3.495497835497833439e+00
-3.511774891774889884e+00
-3.528051948051946329e+00
-3.544329004329002775e+00
-3.560606060606059220e+00
-3.576883116883115221e+00
-3.593160173160171666e+00
-3.609437229437227668e+00
-3.625714285714284113e+00
