1.082029492179021801e+01
1.051225011873175674e+01
1.020161400421224229e+01
9.888387462414044649e+00
9.572571356734822956e+00
9.254166530308562955e+00
8.933173806714592047e+00
8.609593990603372049e+00
8.283427868180858411e+00
7.954676207869699311e+00
7.623339760733728099e+00
7.289419261101322434e+00
6.952915426994760395e+00
6.613828960617372132e+00
6.272160548813669578e+00
5.927910863581274725e+00
5.581080562386397048e+00
5.231670288629970855e+00
4.879680672088579030e+00
4.525112329202556793e+00
4.167965863541493121e+00
3.808241866120358310e+00
3.445940915723728182e+00
3.081063579315259204e+00
2.713610412219686907e+00
2.343581958600559290e+00
1.970978751672411988e+00
1.595801313940789612e+00
1.218050157661604516e+00
8.377257848761843206e-01
4.548286878433138725e-01
6.935934930838172363e-02
-3.186817573879245913e-01
-7.092941679794293464e-01
-1.102477427050072123e+00
-1.498231087768207459e+00
-1.896554711860620301e+00
-2.297447869059006109e+00
-2.700910137280025936e+00
-3.106941102127599663e+00
-3.515540356879380823e+00
-3.926707502244266124e+00
-4.340442146145424118e+00
-4.756743903580321842e+00
-5.175612396496319434e+00
-5.597047253539301437e+00
-6.021048109972383600e+00
-6.447614607455626867e+00
-6.876746393905904142e+00
-7.308443123478461700e+00
-7.742704456185009576e+00
-8.179530057959325973e+00
-8.618919600463627262e+00
-9.060872760914278956e+00
-9.505389222007131877e+00
-9.952468671768883723e+00
-1.040211080344819550e+01
-1.085431531543707706e+01
-1.130908191106747296e+01
-1.176641029859133880e+01
-1.222630019100838439e+01
-1.268875130600866896e+01
-1.315376336584336059e+01
-1.362133609727637662e+01
-1.409146923137171115e+01
-1.456416250355654540e+01
-1.503941565342989151e+01
-1.551722842464837981e+01
-1.599760056494953631e+01
-1.648053182601482547e+01
-1.696602196328972667e+01
-1.745407073611039550e+01
-1.794467790743805580e+01
-1.843784324390540519e+01
-1.893356651565972726e+01
-1.943184749629910613e+01
-1.993268596291274264e+01
-2.043608169586462253e+01
-2.094203447879157665e+01
-2.145054409859143618e+01
-2.196161034526788569e+01
-2.247523301190862810e+01
-2.299141189465665747e+01
-2.351014679257840356e+01
-2.403143750764905917e+01
-2.455528384475840653e+01
-2.508168561151087061e+01
-2.561064261832790123e+01
-2.614215467827445138e+01
-2.667622160708697265e+01
-2.721284322305888281e+01
-2.775201934707440898e+01
-2.829374980246385007e+01
-2.883803441506766063e+01
-2.938487301309680788e+01
-2.993426542708095184e+01
-3.048621148995940189e+01
-3.104071103690532851e+01
-3.159776390529190593e+01
-3.215736993473129246e+01
