-3.055393394089899317e+01
-3.153632671760465911e+01
-3.252673815367892018e+01
-3.352516736485814164e+01
-3.453161348785524609e+01
-3.554607567943245527e+01
-3.656855311605608705e+01
-3.759904499311633685e+01
-3.863755052430654757e+01
-3.968406894130284002e+01
-4.073859949297701633e+01
-4.180114144504607054e+01
-4.287169407944155353e+01
-4.395025669401607615e+01
-4.503682860183761250e+01
-4.613140913101987906e+01
-4.723399762403315094e+01
-4.834459343745950832e+01
-4.946319594157652944e+01
-5.058980451989994265e+01
-5.172441856885431832e+01
-5.286703749747374559e+01
-5.401766072692504395e+01
-5.517628769029052194e+01
-5.634291783219020999e+01
-5.751755060849613699e+01
-5.870018548600023678e+01
-5.989082194217533583e+01
-6.108945946479040856e+01
-6.229609755177133934e+01
-6.351073571087401604e+01
-6.473337345935809140e+01
-6.596401032390167529e+01
-6.720264584019527376e+01
-6.844927955285004373e+01
-6.970391101503450670e+01
-7.096653978843413313e+01
-7.223716544286540397e+01
-7.351578755617705951e+01
-7.480240571398063310e+01
-7.609701950960705119e+01
-7.739962854367213652e+01
-7.871023242415776622e+01
-8.002883076609587931e+01
-8.135542319134162881e+01
-8.269000932861332842e+01
-8.403258881314968676e+01
-8.538316128659643311e+01
-8.674172639692638143e+01
-8.810828379820799228e+01
-8.948283315054278830e+01
-9.086537411981360890e+01
-9.225590637764864255e+01
-9.365442960132783412e+01
-9.506094347352478735e+01
-9.647544768228684120e+01
-9.789794192085503255e+01
-9.932842588759218927e+01
-1.007668992858409354e+02
-1.022133618238443091e+02
-1.036678132146462872e+02
-1.051302531758983605e+02
-1.066006814298567349e+02
-1.080790977032944227e+02
-1.095655017272862608e+02
-1.110598932372223544e+02
-1.125622719727032575e+02
-1.140726376774203743e+02
-1.155909900991404413e+02
-1.171173289894339860e+02
-1.186516541038898822e+02
-1.201939652017225910e+02
-1.217442620459379725e+02
-1.233025444031780182e+02
-1.248688120435592737e+02
-1.264430647407211836e+02
-1.280253022717337217e+02
-1.296155244169291052e+02
-1.312137309600369122e+02
-1.328199216878692255e+02
-1.344340963904409136e+02
-1.360562548608744180e+02
-1.376863968952778521e+02
-1.393245222927184557e+02
-1.409706308552089240e+02
-1.426247223875962220e+02
-1.442867966975090894e+02
-1.459568535953740991e+02
-1.476348928942477130e+02
-1.493209144098186130e+02
-1.510149179604701715e+02
-1.527169033670288059e+02
-1.544268704528669218e+02
-1.561448190437730830e+02
-1.578707489679617026e+02
-1.596046600560072761e+02
-1.613465521408257075e+02
-1.630964250575427457e+02
-1.648542786436130712e+02
-1.666201127386119083e+02
