-3.160164304607678787e+01
-3.259765620735052494e+01
-3.360179764879522679e+01
-3.461406648615765391e+01
-3.563446185611347516e+01
-3.666298291548152122e+01
-3.769962884068704057e+01
-3.874439882709987160e+01
-3.979729208847179223e+01
-4.085830785643885577e+01
-4.192744537992329867e+01
-4.300470392455845570e+01
-4.409008277234818252e+01
-4.518358122110969077e+01
-4.628519858392969866e+01
-4.739493418887460052e+01
-4.851278737848171829e+01
-4.963875750931016739e+01
-5.077284395162428154e+01
-5.191504608894202022e+01
-5.306536331770283255e+01
-5.422379504689517660e+01
-5.539034069776418789e+01
-5.656499970332195915e+01
-5.774777150823912564e+01
-5.893865556835950770e+01
-6.013765135046131149e+01
-6.134475833204257356e+01
-6.255997600086885768e+01
-6.378330385485908494e+01
-6.501474140176138405e+01
-6.625428815887985934e+01
-6.750194365281579678e+01
-6.875770741930995200e+01
-7.002157900298082893e+01
-7.129355795701316367e+01
-7.257364384303221527e+01
-7.386183623087740102e+01
-7.515813469839257266e+01
-7.646253883123328876e+01
-7.777504822267343343e+01
-7.909566247335924061e+01
-8.042438119128142660e+01
-8.176120399141625228e+01
-8.310613049572191358e+01
-8.445916033283634761e+01
-8.582029313798558690e+01
-8.718952855287874115e+01
-8.856686622543681153e+01
-8.995230580976233625e+01
-9.134584696591487329e+01
-9.274748935980608167e+01
-9.415723266312674866e+01
-9.557507655305219885e+01
-9.700102071228674561e+01
-9.843506482889110032e+01
-9.987720859609058266e+01
-1.013274517122746943e+02
-1.027857938807720473e+02
-1.042522348098448504e+02
-1.057267742124807341e+02
-1.072094118064070187e+02
-1.087001473138049903e+02
-1.101989804614977686e+02
-1.117059109805296373e+02
-1.132209386063386205e+02
-1.147440630784755626e+02
-1.162752841406684183e+02
-1.178146015406267395e+02
-1.193620150300103262e+02
-1.209175243643103101e+02
-1.224811293027961767e+02
-1.240528296085114164e+02
-1.256326250480121587e+02
-1.272205153914501636e+02
-1.288165004124921325e+02
-1.304205798881725116e+02
-1.320327535988666341e+02
-1.336530213282273962e+02
-1.352813828631520323e+02
-1.369178379935934515e+02
-1.385623865127093950e+02
-1.402150282165833630e+02
-1.418757629043192594e+02
-1.435445903778978618e+02
-1.452215104421734111e+02
-1.469065229047897105e+02
-1.485996275761239644e+02
-1.503008242692837371e+02
-1.520101127999625419e+02
-1.537274929865048989e+02
-1.554529646497673241e+02
-1.571865276130787095e+02
-1.589281817022834957e+02
-1.606779267455848128e+02
-1.624357625735217425e+02
-1.642016890190444087e+02
-1.659757059172600862e+02
-1.677578131056444590e+02
-1.695480104237332171e+02
