1.552574815683218645e+01
1.551875746345254292e+01
1.551182258458746865e+01
1.550494263603265033e+01
1.549811675442989767e+01
1.549134409661694178e+01
1.548462383900240802e+01
1.547795517696477496e+01
1.547133732427423070e+01
1.546476951253638532e+01
1.545825099065686636e+01
1.545178102432584666e+01
1.544535889552163077e+01
1.543898390203246151e+01
1.543265535699575253e+01
1.542637258845397064e+01
1.542013493892647702e+01
1.541394176499663082e+01
1.540779243691351041e+01
1.540168633820762700e+01
1.539562286532006219e+01
1.538960142724445213e+01
1.538362144518129604e+01
1.537768235220409530e+01
1.537178359293681318e+01
1.536592462324222375e+01
1.536010490992070032e+01
1.535432393041902088e+01
1.534858117254880838e+01
1.534287613421421526e+01
1.533720832314848970e+01
1.533157725665908799e+01
1.532598246138098474e+01
1.532042347303789143e+01
1.531489983621105466e+01
1.530941110411537132e+01
1.530395683838252374e+01
1.529853660885087940e+01
1.529314999336192216e+01
1.528779657756293986e+01
1.528247595471575693e+01
1.527718772551130400e+01
1.527193149788977777e+01
1.526670688686622590e+01
1.526151351436134007e+01
1.525635100903727270e+01
1.525121900613832082e+01
1.524611714733625867e+01
1.524104508058022311e+01
1.523600245995092628e+01
1.523098894551909588e+01
1.522600420320796033e+01
1.522104790465967561e+01
1.521611972710552507e+01
1.521121935323979102e+01
1.520634647109716298e+01
1.520150077393355836e+01
1.519668196011026140e+01
1.519188973298124878e+01
1.518712380078360269e+01
1.518238387653093291e+01
1.517766967790967136e+01
1.517298092717817326e+01
1.516831735106852541e+01
1.516367868069098712e+01
1.515906465144094639e+01
1.515447500290836302e+01
1.514990947878956185e+01
1.514536782680136184e+01
1.514084979859740976e+01
1.513635514968670215e+01
1.513188363935419467e+01
1.512743503058343641e+01
1.512300908998119375e+01
1.511860558770396956e+01
1.511422429738638229e+01
1.510986499607134093e+01
1.510552746414196079e+01
1.510121148525518286e+01
1.509691684627701136e+01
1.509264333721936957e+01
1.508839075117848694e+01
1.508415888427478357e+01
1.507994753559423096e+01
1.507575650713110171e+01
1.507158560373211920e+01
1.506743463304192332e+01
1.506330340544983848e+01
1.505919173403790978e+01
1.505509943453014721e+01
1.505102632524297945e+01
1.504697222703683934e+01
1.504293696326890384e+01
1.503892035974690344e+01
1.503492224468399741e+01
1.503094244865469697e+01
1.502698080455177987e+01
1.502303714754418706e+01
1.501911131503587171e+01
1.501520314662557354e+01
