1.534260472434701406e+01
1.533561403096737052e+01
1.532867915210229626e+01
1.532179920354747971e+01
1.531497332194472527e+01
1.530820066413176939e+01
1.530148040651723562e+01
1.529481174447960257e+01
1.528819389178905830e+01
1.528162608005121292e+01
1.527510755817169397e+01
1.526863759184067426e+01
1.526221546303645660e+01
1.525584046954728912e+01
1.524951192451058191e+01
1.524322915596879824e+01
1.523699150644130462e+01
1.523079833251145843e+01
1.522464900442833802e+01
1.521854290572245461e+01
1.521247943283488979e+01
1.520645799475927795e+01
1.520047801269612364e+01
1.519453891971892290e+01
1.518864016045164078e+01
1.518278119075705135e+01
1.517696147743552793e+01
1.517118049793384849e+01
1.516543774006363599e+01
1.515973270172904286e+01
1.515406489066331730e+01
1.514843382417391560e+01
1.514283902889581235e+01
1.513728004055271903e+01
1.513175640372588227e+01
1.512626767163019892e+01
1.512081340589735134e+01
1.511539317636570701e+01
1.511000656087674976e+01
1.510465314507776746e+01
1.509933252223058453e+01
1.509404429302613160e+01
1.508878806540460538e+01
1.508356345438105350e+01
1.507837008187616590e+01
1.507320757655210031e+01
1.506807557365314842e+01
1.506297371485108627e+01
1.505790164809505072e+01
1.505285902746575388e+01
1.504784551303392348e+01
1.504286077072278793e+01
1.503790447217450321e+01
1.503297629462035268e+01
1.502807592075461862e+01
1.502320303861199058e+01
1.501835734144838597e+01
1.501353852762508900e+01
1.500874630049607639e+01
1.500398036829843029e+01
1.499924044404576051e+01
1.499452624542449897e+01
1.498983749469300086e+01
1.498517391858335301e+01
1.498053524820581472e+01
1.497592121895577399e+01
1.497133157042319063e+01
1.496676604630438945e+01
1.496222439431618945e+01
1.495770636611223736e+01
1.495321171720152975e+01
1.494874020686902227e+01
1.494429159809826402e+01
1.493986565749602136e+01
1.493546215521879894e+01
1.493108086490120989e+01
1.492672156358616853e+01
1.492238403165678839e+01
1.491806805277001047e+01
1.491377341379183896e+01
1.490949990473419717e+01
1.490524731869331454e+01
1.490101545178961118e+01
1.489680410310905856e+01
1.489261307464592932e+01
1.488844217124694680e+01
1.488429120055675092e+01
1.488015997296466608e+01
1.487604830155273739e+01
1.487195600204497481e+01
1.486788289275780528e+01
1.486382879455166695e+01
1.485979353078373144e+01
1.485577692726173105e+01
1.485177881219882501e+01
1.484779901616952458e+01
1.484383737206660747e+01
1.483989371505901289e+01
1.483596788255069754e+01
1.483205971414040114e+01
