1.555094392775379042e+01
1.554395323437414689e+01
1.553701835550907262e+01
1.553013840695425607e+01
1.552331252535150163e+01
1.551653986753854575e+01
1.550981960992401198e+01
1.550315094788637893e+01
1.549653309519583466e+01
1.548996528345798929e+01
1.548344676157847033e+01
1.547697679524745062e+01
1.547055466644323296e+01
1.546417967295406548e+01
1.545785112791735649e+01
1.545156835937557638e+01
1.544533070984808099e+01
1.543913753591823479e+01
1.543298820783511438e+01
1.542688210912923097e+01
1.542081863624166616e+01
1.541479719816605432e+01
1.540881721610290001e+01
1.540287812312569926e+01
1.539697936385841714e+01
1.539112039416382771e+01
1.538530068084230429e+01
1.537951970134062485e+01
1.537377694347041235e+01
1.536807190513581922e+01
1.536240409407009366e+01
1.535677302758069196e+01
1.535117823230258871e+01
1.534561924395949362e+01
1.534009560713265863e+01
1.533460687503697706e+01
1.532915260930412771e+01
1.532373237977248337e+01
1.531834576428352612e+01
1.531299234848454383e+01
1.530767172563736089e+01
1.530238349643290796e+01
1.529712726881138174e+01
1.529190265778782987e+01
1.528670928528294404e+01
1.528154677995887667e+01
1.527641477705992479e+01
1.527131291825786263e+01
1.526624085150182530e+01
1.526119823087253025e+01
1.525618471644069984e+01
1.525119997412956430e+01
1.524624367558127958e+01
1.524131549802712904e+01
1.523641512416139498e+01
1.523154224201876694e+01
1.522669654485516233e+01
1.522187773103186537e+01
1.521708550390285275e+01
1.521231957170520666e+01
1.520757964745253688e+01
1.520286544883127533e+01
1.519817669809977723e+01
1.519351312199012938e+01
1.518887445161259109e+01
1.518426042236255036e+01
1.517967077382996699e+01
1.517510524971116581e+01
1.517056359772296581e+01
1.516604556951901372e+01
1.516155092060830611e+01
1.515707941027579864e+01
1.515263080150504038e+01
1.514820486090279772e+01
1.514380135862557530e+01
1.513942006830798803e+01
1.513506076699294489e+01
1.513072323506356653e+01
1.512640725617678683e+01
1.512211261719861533e+01
1.511783910814097531e+01
1.511358652210009090e+01
1.510935465519638754e+01
1.510514330651583492e+01
1.510095227805270568e+01
1.509678137465372316e+01
1.509263040396352729e+01
1.508849917637144245e+01
1.508438750495951375e+01
1.508029520545175117e+01
1.507622209616458164e+01
1.507216799795844331e+01
1.506813273419050958e+01
1.506411613066850741e+01
1.506011801560560137e+01
1.505613821957630094e+01
1.505217657547338383e+01
1.504823291846578925e+01
1.504430708595747568e+01
1.504039891754717750e+01
