5.000000000000000000e+00
5.101010101010100328e+00
5.202020202020202433e+00
5.303030303030302761e+00
5.404040404040404866e+00
5.505050505050505194e+00
5.606060606060605522e+00
5.707070707070707627e+00
5.808080808080807955e+00
5.909090909090909172e+00
6.010101010101010388e+00
6.111111111111111605e+00
6.212121212121211933e+00
6.313131313131313149e+00
6.414141414141414366e+00
6.515151515151514694e+00
6.616161616161616799e+00
6.717171717171717127e+00
6.818181818181818343e+00
6.919191919191919560e+00
7.020202020202019888e+00
7.121212121212121104e+00
7.222222222222222321e+00
7.323232323232323537e+00
7.424242424242423866e+00
7.525252525252525970e+00
7.626262626262626299e+00
7.727272727272726627e+00
7.828282828282828731e+00
7.929292929292929060e+00
8.030303030303029388e+00
8.131313131313131493e+00
8.232323232323233597e+00
8.333333333333333925e+00
8.434343434343434254e+00
8.535353535353536358e+00
8.636363636363636687e+00
8.737373737373737015e+00
8.838383838383839120e+00
8.939393939393941224e+00
9.040404040404041552e+00
9.141414141414141881e+00
9.242424242424242209e+00
9.343434343434344314e+00
9.444444444444444642e+00
9.545454545454546746e+00
9.646464646464647075e+00
9.747474747474747403e+00
9.848484848484847731e+00
9.949494949494949836e+00
1.005050505050505194e+01
1.015151515151515227e+01
1.025252525252525260e+01
1.035353535353535470e+01
1.045454545454545325e+01
1.055555555555555536e+01
1.065656565656565746e+01
1.075757575757575779e+01
1.085858585858585812e+01
1.095959595959596022e+01
1.106060606060605878e+01
1.116161616161616266e+01
1.126262626262626299e+01
1.136363636363636509e+01
1.146464646464646719e+01
1.156565656565656575e+01
1.166666666666666785e+01
1.176767676767676818e+01
1.186868686868686851e+01
1.196969696969697061e+01
1.207070707070707272e+01
1.217171717171717127e+01
1.227272727272727337e+01
1.237373737373737370e+01
1.247474747474747403e+01
1.257575757575757791e+01
1.267676767676767824e+01
1.277777777777777679e+01
1.287878787878788067e+01
1.297979797979797922e+01
1.308080808080808133e+01
1.318181818181818343e+01
1.328282828282828376e+01
1.338383838383838409e+01
1.348484848484848619e+01
1.358585858585858475e+01
1.368686868686868685e+01
1.378787878787878896e+01
1.388888888888888928e+01
1.398989898989899316e+01
1.409090909090909172e+01
1.419191919191919027e+01
1.429292929292929415e+01
1.439393939393939448e+01
1.449494949494949658e+01
1.459595959595959869e+01
1.469696969696969724e+01
1.479797979797979934e+01
1.489898989898989967e+01
1.500000000000000000e+01
