2.000000000000000000e+01
2.040404040404040131e+01
2.080808080808080973e+01
2.121212121212121104e+01
2.161616161616161946e+01
2.202020202020202078e+01
2.242424242424242209e+01
2.282828282828283051e+01
2.323232323232323182e+01
2.363636363636363669e+01
2.404040404040404155e+01
2.444444444444444642e+01
2.484848484848484773e+01
2.525252525252525260e+01
2.565656565656565746e+01
2.606060606060605878e+01
2.646464646464646719e+01
2.686868686868686851e+01
2.727272727272727337e+01
2.767676767676767824e+01
2.808080808080807955e+01
2.848484848484848442e+01
2.888888888888888928e+01
2.929292929292929415e+01
2.969696969696969546e+01
3.010101010101010388e+01
3.050505050505050519e+01
3.090909090909090651e+01
3.131313131313131493e+01
3.171717171717171624e+01
3.212121212121211755e+01
3.252525252525252597e+01
3.292929292929293439e+01
3.333333333333333570e+01
3.373737373737373701e+01
3.414141414141414543e+01
3.454545454545454675e+01
3.494949494949494806e+01
3.535353535353535648e+01
3.575757575757576490e+01
3.616161616161616621e+01
3.656565656565656752e+01
3.696969696969696884e+01
3.737373737373737725e+01
3.777777777777777857e+01
3.818181818181818699e+01
3.858585858585858830e+01
3.898989898989898961e+01
3.939393939393939092e+01
3.979797979797979934e+01
4.020202020202020776e+01
4.060606060606060908e+01
4.101010101010101039e+01
4.141414141414141881e+01
4.181818181818181301e+01
4.222222222222222143e+01
4.262626262626262985e+01
4.303030303030303116e+01
4.343434343434343248e+01
4.383838383838384090e+01
4.424242424242423510e+01
4.464646464646465063e+01
4.505050505050505194e+01
4.545454545454546036e+01
4.585858585858586878e+01
4.626262626262626299e+01
4.666666666666667140e+01
4.707070707070707272e+01
4.747474747474747403e+01
4.787878787878788245e+01
4.828282828282829087e+01
4.868686868686868507e+01
4.909090909090909349e+01
4.949494949494949481e+01
4.989898989898989612e+01
5.030303030303031164e+01
5.070707070707071296e+01
5.111111111111110716e+01
5.151515151515152269e+01
5.191919191919191690e+01
5.232323232323232531e+01
5.272727272727273373e+01
5.313131313131313505e+01
5.353535353535353636e+01
5.393939393939394478e+01
5.434343434343433898e+01
5.474747474747474740e+01
5.515151515151515582e+01
5.555555555555555713e+01
5.595959595959597266e+01
5.636363636363636687e+01
5.676767676767676107e+01
5.717171717171717660e+01
5.757575757575757791e+01
5.797979797979798633e+01
5.838383838383839475e+01
5.878787878787878896e+01
5.919191919191919737e+01
5.959595959595959869e+01
6.000000000000000000e+01
