-5.317109999283952675e+02
-5.546629264562736807e+02
-5.780745796183732637e+02
-6.019459463113089441e+02
-6.262770141734836216e+02
-6.510677715300985255e+02
-6.763182073432631114e+02
-7.020283111664418811e+02
-7.281980731029950675e+02
-7.548274837682267844e+02
-7.819165342546900774e+02
-8.094652161003107267e+02
-8.374735212592540847e+02
-8.659414420750304089e+02
-8.948689712557854818e+02
-9.242561018514659281e+02
-9.541028272328521780e+02
-9.844091410720488966e+02
-1.015175037324537243e+03
-1.046400510212474273e+03
-1.078085554209295424e+03
-1.110230164025195563e+03
-1.142834334594016809e+03
-1.175898061060647706e+03
-1.209421338769511976e+03
-1.243404163253799425e+03
-1.277846530225360311e+03
-1.312748435565377576e+03
-1.348109875315461295e+03
-1.383930845669506880e+03
-1.420211342965917083e+03
-1.456951363680449276e+03
-1.494150904419403560e+03
-1.531809961913183542e+03
-1.569928533010453975e+03
-1.608506614672394790e+03
-1.647544203967412159e+03
-1.687041298066240870e+03
-1.726997894237181299e+03
-1.767413989841580360e+03
-1.808289582329828590e+03
-1.849624669237239232e+03
-1.891419248180461182e+03
-1.933673316853760753e+03
-1.976386873025878685e+03
-2.019559914536717542e+03
-2.063192439294395626e+03
-2.107284445272436642e+03
-2.151835930507010289e+03
-2.196846893094395909e+03
-2.242317331188644403e+03
-2.288247242999071204e+03
-2.334636626788262220e+03
-2.381485480869879211e+03
-2.428793803606700294e+03
-2.476561593408738190e+03
-2.524788848731465350e+03
-2.573475568073968134e+03
-2.622621749977524360e+03
-2.672227393023913010e+03
-2.722292495833916746e+03
-2.772817057065916742e+03
-2.823801075414609841e+03
-2.875244549609631576e+03
-2.927147478414335637e+03
-2.979509860624633802e+03
-3.032331695067863620e+03
-3.085612980601623804e+03
-3.139353716112912480e+03
-3.193553900516928024e+03
-3.248213532756275981e+03
-3.303332611799959523e+03
-3.358911136642593647e+03
-3.414949106303434291e+03
-3.471446519825767155e+03
-3.528403376275937262e+03
-3.585819674742741427e+03
-3.643695414336629256e+03
-3.702030594189140629e+03
-3.760825213452070784e+03
-3.820079271297050582e+03
-3.879792766914717504e+03
-3.939965699514321386e+03
-4.000598068323075040e+03
-4.061689872585563080e+03
-4.123241111563392224e+03
-4.185251784534455510e+03
-4.247721890792665363e+03
-4.310651429647338773e+03
-4.374040400422854873e+03
-4.437888802458149257e+03
-4.502196635106323811e+03
-4.566963897734241982e+03
-4.632190589722148616e+03
-4.697876710463313429e+03
-4.764022259363582634e+03
-4.830627235841181573e+03
-4.897691639326239965e+03
-4.965215469260498139e+03
-5.033198725097046008e+03
