-1.247117117257088012e+03
-1.299302696912849569e+03
-1.352532676265448572e+03
-1.406807042211437192e+03
-1.462125782389201504e+03
-1.518488885123978207e+03
-1.575896339377843333e+03
-1.634348134704290487e+03
-1.693844261206693545e+03
-1.754384709500325016e+03
-1.815969470677726349e+03
-1.878598536276873347e+03
-1.942271898251876792e+03
-2.006989548946282866e+03
-2.072751481068220073e+03
-2.139557687667638220e+03
-2.207408162115320920e+03
-2.276302898083377386e+03
-2.346241889527283092e+03
-2.417225130669221016e+03
-2.489252615982549287e+03
-2.562324340177566683e+03
-2.636440298188008455e+03
-2.711600485158859101e+03
-2.787804896434481634e+03
-2.865053527548103830e+03
-2.943346374211595048e+03
-3.022683432306042960e+03
-3.103064697873128807e+03
-3.184490167106730041e+03
-3.266959836345255098e+03
-3.350473702064483405e+03
-3.435031760870658673e+03
-3.520634009494230668e+03
-3.607280444783867551e+03
-3.694971063700705145e+03
-3.783705863313206464e+03
-3.873484840792062641e+03
-3.964307993405578600e+03
-4.056175318515148774e+03
-4.149086813571080711e+03
-4.243042476108778828e+03
-4.338042303744806304e+03
-4.434086294173495844e+03
-4.531174445163550445e+03
-4.629306754554881081e+03
-4.728483220255602646e+03
-4.828703840239259989e+03
-4.929968612542027586e+03
-5.032277535260142940e+03
-5.135630606547686511e+03
-5.240027824613937810e+03
-5.345469187721557319e+03
-5.451954694184121763e+03
-5.559484342364477925e+03
-5.668058130672605330e+03
-5.777676057563950053e+03
-5.888338121537667575e+03
-6.000044321134987513e+03
-6.112794654937692030e+03
-6.226589121566550602e+03
-6.341427719680000337e+03
-6.457310447972693510e+03
-6.574237305174274297e+03
-6.692208290048100025e+03
-6.811223401390046092e+03
-6.931282638027510075e+03
-7.052385998818066582e+03
-7.174533482648665085e+03
-7.297725088434599456e+03
-7.421960815118393839e+03
-7.547240661669089604e+03
-7.673564627081298568e+03
-7.800932710374298949e+03
-7.929344910591310509e+03
-8.058801226798737844e+03
-8.189301658085359122e+03
-8.320846203561626680e+03
-8.453434862359055842e+03
-8.587067633629458214e+03
-8.721744516544480575e+03
-8.857465510294761771e+03
-8.994230614089517985e+03
-9.132039827155997045e+03
-9.270893148738774471e+03
-9.410790578099422419e+03
-9.551732114515891226e+03
-9.693717757282034654e+03
-9.836747505707231539e+03
-9.980821359115831001e+03
-1.012593931684673953e+04
-1.027210137825310630e+04
-1.041930754270177385e+04
-1.056755780957297793e+04
-1.071685217826002008e+04
-1.086719064816872196e+04
-1.101857321871729073e+04
-1.117099988933589702e+04
-1.132447065946623115e+04
-1.147898552856143215e+04
