1.466617645205503884e+01
1.464880409368485381e+01
1.463177239183979417e+01
1.461506824311026342e+01
1.459867928587971875e+01
1.458259384536889236e+01
1.456680088367682480e+01
1.455128995428330008e+01
1.453605116054291635e+01
1.452107511775781568e+01
1.450635291846507791e+01
1.449187610061723852e+01
1.447763661837134386e+01
1.446362681523402571e+01
1.444983939933822548e+01
1.443626742065164059e+01
1.442290424993861109e+01
1.440974355931596840e+01
1.439677930426012686e+01
1.438400570693732483e+01
1.437141724074194826e+01
1.435900861593937883e+01
1.434677476632001536e+01
1.433471083678018942e+01
1.432281217175378707e+01
1.431107430442559014e+01
1.429949294666380055e+01
1.428806397961494135e+01
1.427678344490955631e+01
1.426564753643167194e+01
1.425465259260923645e+01
1.424379508918643999e+01
1.423307163244222373e+01
1.422247895282232655e+01
1.421201389895497158e+01
1.420167343202279220e+01
1.419145462046583184e+01
1.418135463499254811e+01
1.417137074387754936e+01
1.416150030852652542e+01
1.415174077929035334e+01
1.414208969151177087e+01
1.413254466178928048e+01
1.412310338444411073e+01
1.411376362817714103e+01
1.410452323290365051e+01
1.409538010675468378e+01
1.408633222323459222e+01
1.407737761852510339e+01
1.406851438892695327e+01
1.405974068843072544e+01
1.405105472640916098e+01
1.404245476542371307e+01
1.403393911913862979e+01
1.402550615033630343e+01
1.401715426902803152e+01
1.400888193065475384e+01
1.400068763437266384e+01
1.399256992141892830e+01
1.398452737355307995e+01
1.397655861156990298e+01
1.396866229387991787e+01
1.396083711515381864e+01
1.395308180502741457e+01
1.394539512686389315e+01
1.393777587657036321e+01
1.393022288146585019e+01
1.392273499919810043e+01
1.391531111670666654e+01
1.390795014922993111e+01
1.390065103935386404e+01
1.389341275610040327e+01
1.388623429405351395e+01
1.387911467252107478e+01
1.387205293473080836e+01
1.386504814705866551e+01
1.385809939828806314e+01
1.385120579889850312e+01
1.384436648038222906e+01
1.383758059458754985e+01
1.383084731308763615e+01
1.382416582657357651e+01
1.381753534427062391e+01
1.381095509337652416e+01
1.380442431852098828e+01
1.379794228124532296e+01
1.379150825950132742e+01
1.378512154716862703e+01
1.377878145358961426e+01
1.377248730312124181e+01
1.376623843470294339e+01
1.376003420143997857e+01
1.375387397020155866e+01
1.374775712123311955e+01
1.374168304778215521e+01
1.373565115573704354e+01
1.372966086327832436e+01
1.372371160054191996e+01
1.371780280929381313e+01
1.371193394261571363e+01
