1.377470801374732723e+01
1.375733565537714220e+01
1.374030395353208256e+01
1.372359980480255182e+01
1.370721084757200714e+01
1.369112540706117898e+01
1.367533244536911141e+01
1.365982151597558669e+01
1.364458272223520297e+01
1.362960667945010407e+01
1.361488448015736630e+01
1.360040766230952691e+01
1.358616818006363047e+01
1.357215837692631411e+01
1.355837096103051387e+01
1.354479898234392898e+01
1.353143581163089770e+01
1.351827512100825501e+01
1.350531086595241526e+01
1.349253726862961322e+01
1.347994880243423665e+01
1.346754017763166722e+01
1.345530632801230375e+01
1.344324239847247782e+01
1.343134373344607546e+01
1.341960586611787853e+01
1.340802450835608894e+01
1.339659554130722974e+01
1.338531500660184470e+01
1.337417909812396033e+01
1.336318415430152484e+01
1.335232665087872839e+01
1.334160319413451035e+01
1.333101051451461494e+01
1.332054546064725997e+01
1.331020499371508059e+01
1.329998618215811845e+01
1.328988619668483651e+01
1.327990230556983775e+01
1.327003187021881381e+01
1.326027234098263996e+01
1.325062125320405748e+01
1.324107622348156710e+01
1.323163494613639912e+01
1.322229518986942942e+01
1.321305479459593890e+01
1.320391166844697217e+01
1.319486378492687884e+01
1.318590918021739178e+01
1.317704595061924167e+01
1.316827225012301383e+01
1.315958628810144937e+01
1.315098632711600146e+01
1.314247068083091818e+01
1.313403771202859183e+01
1.312568583072031991e+01
1.311741349234704224e+01
1.310921919606495223e+01
1.310110148311121669e+01
1.309305893524536835e+01
1.308509017326219137e+01
1.307719385557220626e+01
1.306936867684610526e+01
1.306161336671970119e+01
1.305392668855618155e+01
1.304630743826265160e+01
1.303875444315813859e+01
1.303126656089038882e+01
1.302384267839895493e+01
1.301648171092221951e+01
1.300918260104615065e+01
1.300194431779268989e+01
1.299476585574580234e+01
1.298764623421336140e+01
1.298058449642309498e+01
1.297357970875095390e+01
1.296663095998034976e+01
1.295973736059079151e+01
1.295289804207451745e+01
1.294611215627983825e+01
1.293937887477992277e+01
1.293269738826586490e+01
1.292606690596291052e+01
1.291948665506881078e+01
1.291295588021327667e+01
1.290647384293761135e+01
1.290003982119361581e+01
1.289365310886091542e+01
1.288731301528190265e+01
1.288101886481353020e+01
1.287476999639523179e+01
1.286856576313226697e+01
1.286240553189384705e+01
1.285628868292540616e+01
1.285021460947444183e+01
1.284418271742933193e+01
1.283819242497061275e+01
1.283224316223420836e+01
1.282633437098610152e+01
1.282046550430800202e+01
