6.721428571428569754e+00
6.755375180375177813e+00
6.789321789321787648e+00
6.823268398268396595e+00
6.857215007215004654e+00
6.891161616161614489e+00
6.925108225108223436e+00
6.959054834054833272e+00
6.993001443001441331e+00
7.026948051948050278e+00
7.060894660894660113e+00
7.094841269841268172e+00
7.128787878787876231e+00
7.162734487734486954e+00
7.196681096681095013e+00
7.230627705627703072e+00
7.264574314574312908e+00
7.298520923520921855e+00
7.332467532467529914e+00
7.366414141414139749e+00
7.400360750360748696e+00
7.434307359307356755e+00
7.468253968253966590e+00
7.502200577200575538e+00
7.536147186147183596e+00
7.570093795093793432e+00
7.604040404040401491e+00
7.637987012987011326e+00
7.671933621933620273e+00
7.705880230880228332e+00
7.739826839826838167e+00
7.773773448773447114e+00
7.807720057720055173e+00
7.841666666666665009e+00
7.875613275613273956e+00
7.909559884559883791e+00
7.943506493506491850e+00
7.977453102453099909e+00
8.011399711399709744e+00
8.045346320346318691e+00
8.079292929292927639e+00
8.113239538239536586e+00
8.147186147186145533e+00
8.181132756132754480e+00
8.215079365079363427e+00
8.249025974025972374e+00
8.282972582972581321e+00
8.316919191919190268e+00
8.350865800865799216e+00
8.384812409812406386e+00
8.418759018759017110e+00
8.452705627705626057e+00
8.486652236652233228e+00
8.520598845598843951e+00
8.554545454545452898e+00
8.588492063492060069e+00
8.622438672438670793e+00
8.656385281385279740e+00
8.690331890331886910e+00
8.724278499278497634e+00
8.758225108225106581e+00
8.792171717171715528e+00
8.826118326118324475e+00
8.860064935064933422e+00
8.894011544011542370e+00
8.927958152958151317e+00
8.961904761904760264e+00
8.995851370851369211e+00
9.029797979797978158e+00
9.063744588744587105e+00
9.097691197691196052e+00
9.131637806637804999e+00
9.165584415584413946e+00
9.199531024531022894e+00
9.233477633477630064e+00
9.267424242424240788e+00
9.301370851370849735e+00
9.335317460317456906e+00
9.369264069264067629e+00
9.403210678210676576e+00
9.437157287157283747e+00
9.471103896103894471e+00
9.505050505050503418e+00
9.538997113997110588e+00
9.572943722943721312e+00
9.606890331890330259e+00
9.640836940836937430e+00
9.674783549783548153e+00
9.708730158730155324e+00
9.742676767676766048e+00
9.776623376623374995e+00
9.810569985569982165e+00
9.844516594516592889e+00
9.878463203463201836e+00
9.912409812409810783e+00
9.946356421356419730e+00
9.980303030303028677e+00
1.001424963924963762e+01
1.004819624819624657e+01
1.008214285714285552e+01
