2.014285714285712015e+00
2.024458874458872071e+00
2.034632034632032571e+00
2.044805194805192627e+00
2.054978354978352684e+00
2.065151515151512740e+00
2.075324675324672796e+00
2.085497835497833297e+00
2.095670995670993353e+00
2.105844155844153409e+00
2.116017316017313910e+00
2.126190476190473966e+00
2.136363636363634022e+00
2.146536796536794078e+00
2.156709956709954135e+00
2.166883116883114191e+00
2.177056277056274691e+00
2.187229437229434748e+00
2.197402597402594804e+00
2.207575757575755304e+00
2.217748917748915360e+00
2.227922077922075417e+00
2.238095238095235473e+00
2.248268398268395529e+00
2.258441558441555586e+00
2.268614718614716086e+00
2.278787878787876142e+00
2.288961038961036643e+00
2.299134199134196699e+00
2.309307359307356755e+00
2.319480519480517255e+00
2.329653679653676868e+00
2.339826839826836924e+00
2.349999999999997424e+00
2.360173160173157481e+00
2.370346320346317981e+00
2.380519480519478037e+00
2.390692640692638093e+00
2.400865800865798594e+00
2.411038961038958206e+00
2.421212121212118262e+00
2.431385281385278763e+00
2.441558441558438819e+00
2.451731601731598875e+00
2.461904761904759376e+00
2.472077922077919432e+00
2.482251082251079488e+00
2.492424242424239988e+00
2.502597402597399601e+00
2.512770562770559657e+00
2.522943722943720157e+00
2.533116883116880214e+00
2.543290043290040270e+00
2.553463203463200770e+00
2.563636363636360826e+00
2.573809523809520883e+00
2.583982683982680939e+00
2.594155844155840995e+00
2.604329004329001052e+00
2.614502164502161552e+00
2.624675324675321608e+00
2.634848484848482109e+00
2.645021645021642165e+00
2.655194805194802665e+00
2.665367965367962722e+00
2.675541125541122334e+00
2.685714285714282834e+00
2.695887445887442890e+00
2.706060606060602947e+00
2.716233766233763447e+00
2.726406926406923503e+00
2.736580086580083560e+00
2.746753246753244060e+00
2.756926406926404116e+00
2.767099567099563728e+00
2.777272727272724229e+00
2.787445887445884285e+00
2.797619047619044341e+00
2.807792207792204842e+00
2.817965367965364898e+00
2.828138528138524954e+00
2.838311688311685455e+00
2.848484848484845067e+00
2.858658008658005123e+00
2.868831168831165623e+00
2.879004329004325680e+00
2.889177489177485736e+00
2.899350649350646236e+00
2.909523809523806293e+00
2.919696969696966793e+00
2.929870129870126849e+00
2.940043290043286461e+00
2.950216450216446962e+00
2.960389610389607018e+00
2.970562770562767518e+00
2.980735930735927575e+00
2.990909090909087631e+00
3.001082251082248131e+00
3.011255411255408188e+00
3.021428571428567800e+00
