-1.007142857142856007e+00
-1.012229437229436035e+00
-1.017316017316016286e+00
-1.022402597402596314e+00
-1.027489177489176342e+00
-1.032575757575756370e+00
-1.037662337662336398e+00
-1.042748917748916648e+00
-1.047835497835496676e+00
-1.052922077922076705e+00
-1.058008658008656955e+00
-1.063095238095236983e+00
-1.068181818181817011e+00
-1.073268398268397039e+00
-1.078354978354977067e+00
-1.083441558441557095e+00
-1.088528138528137346e+00
-1.093614718614717374e+00
-1.098701298701297402e+00
-1.103787878787877652e+00
-1.108874458874457680e+00
-1.113961038961037708e+00
-1.119047619047617736e+00
-1.124134199134197765e+00
-1.129220779220777793e+00
-1.134307359307358043e+00
-1.139393939393938071e+00
-1.144480519480518321e+00
-1.149567099567098349e+00
-1.154653679653678378e+00
-1.159740259740258628e+00
-1.164826839826838434e+00
-1.169913419913418462e+00
-1.174999999999998712e+00
-1.180086580086578740e+00
-1.185173160173158990e+00
-1.190259740259739019e+00
-1.195346320346319047e+00
-1.200432900432899297e+00
-1.205519480519479103e+00
-1.210606060606059131e+00
-1.215692640692639381e+00
-1.220779220779219409e+00
-1.225865800865799438e+00
-1.230952380952379688e+00
-1.236038961038959716e+00
-1.241125541125539744e+00
-1.246212121212119994e+00
-1.251298701298699800e+00
-1.256385281385279828e+00
-1.261471861471860079e+00
-1.266558441558440107e+00
-1.271645021645020135e+00
-1.276731601731600385e+00
-1.281818181818180413e+00
-1.286904761904760441e+00
-1.291991341991340470e+00
-1.297077922077920498e+00
-1.302164502164500526e+00
-1.307251082251080776e+00
-1.312337662337660804e+00
-1.317424242424241054e+00
-1.322510822510821082e+00
-1.327597402597401333e+00
-1.332683982683981361e+00
-1.337770562770561167e+00
-1.342857142857141417e+00
-1.347943722943721445e+00
-1.353030303030301473e+00
-1.358116883116881723e+00
-1.363203463203461752e+00
-1.368290043290041780e+00
-1.373376623376622030e+00
-1.378463203463202058e+00
-1.383549783549781864e+00
-1.388636363636362114e+00
-1.393722943722942142e+00
-1.398809523809522171e+00
-1.403896103896102421e+00
-1.408982683982682449e+00
-1.414069264069262477e+00
-1.419155844155842727e+00
-1.424242424242422533e+00
-1.429329004329002561e+00
-1.434415584415582812e+00
-1.439502164502162840e+00
-1.444588744588742868e+00
-1.449675324675323118e+00
-1.454761904761903146e+00
-1.459848484848483396e+00
-1.464935064935063425e+00
-1.470021645021643231e+00
-1.475108225108223481e+00
-1.480194805194803509e+00
-1.485281385281383759e+00
-1.490367965367963787e+00
-1.495454545454543815e+00
-1.500541125541124066e+00
-1.505627705627704094e+00
-1.510714285714283900e+00
