1.405941260629544054e+01
1.389775177862576605e+01
1.373523256072220633e+01
1.357185517140562148e+01
1.340761982621293846e+01
1.324252673747530373e+01
1.307657611443582546e+01
1.290976816317684595e+01
1.274210308686437010e+01
1.257358108567270527e+01
1.240420235690838524e+01
1.223396709498106283e+01
1.206287549159055850e+01
1.189092773568104988e+01
1.171812401347227883e+01
1.154446450858782747e+01
1.136994940207919669e+01
1.119457887249168238e+01
1.101835309577966271e+01
1.084127224559322045e+01
1.066333649308612053e+01
1.048454600710984508e+01
1.030490095422242902e+01
1.012440149866294092e+01
9.943047802486432829e+00
9.760840025547366849e+00
9.577778325562441353e+00
9.393862858153603668e+00
9.209093776821092092e+00
9.023471233087015264e+00
8.836995376457526419e+00
8.649666354475570529e+00
8.461484312720308765e+00
8.272449394966791658e+00
8.082561743025451051e+00
7.891821496950537806e+00
7.700228794920899844e+00
7.507783773455631859e+00
7.314486567212554746e+00
7.120337309233562451e+00
6.925336130859843564e+00
6.729483161731639740e+00
6.532778529940692636e+00
6.335222361936981628e+00
6.136814782575864768e+00
5.937555915221725655e+00
5.737445881696690009e+00
5.536484802284768136e+00
5.334672795931517442e+00
5.132009979957260271e+00
4.928496470369545079e+00
4.724132381786507295e+00
4.518917827408614585e+00
4.312852919027008625e+00
4.105937767219081991e+00
3.898172481200621320e+00
3.689557168861387737e+00
3.480091936798892505e+00
3.269776890478706122e+00
3.058612133995527671e+00
2.846597770321192655e+00
2.633733901198379357e+00
2.420020627197057905e+00
2.205458047715957548e+00
1.990046261069942091e+00
1.773785364350914051e+00
1.556675453636739093e+00
1.338716623878667633e+00
1.119908968933078341e+00
9.002525816683828452e-01
6.797475538124437833e-01
4.583939762007709362e-01
2.361919384865380778e-01
1.314152946683222467e-02
-2.107571630445441713e-01
-4.355040523486621851e-01
-6.610990524622373243e-01
-8.875420785900871579e-01
-1.114833046647294879e+00
-1.342971873646582992e+00
-1.571958477333165405e+00
-1.801792776459024026e+00
-2.032474690533323525e+00
-2.264004140099864060e+00
-2.496381046361758393e+00
-2.729605331439326932e+00
-2.963676918336915378e+00
-3.198595730771284451e+00
-3.434361693312258268e+00
-3.670974731306674954e+00
-3.908434770902832867e+00
-4.146741738943454436e+00
-4.385895563128791252e+00
-4.625896171856936689e+00
-4.866743494251352331e+00
-5.108437460197016833e+00
-5.350978000234832166e+00
-5.594365045683055371e+00
-5.838598528547329636e+00
-6.083678381459918683e+00
