-7.830153991210238473e+00
-8.213909271232765263e+00
-8.599641805228969815e+00
-8.987351374365943002e+00
-9.377037763127809455e+00
-9.768700759160132918e+00
-1.016234015327136575e+01
-1.055795573931298748e+01
-1.095554731416186911e+01
-1.135511467759603477e+01
-1.175665763238269790e+01
-1.216017598404311428e+01
-1.256566954091950805e+01
-1.297313811406988293e+01
-1.338258151724797074e+01
-1.379399956682762252e+01
-1.420739208174989443e+01
-1.462275888356613507e+01
-1.504009979617538306e+01
-1.545941464604822357e+01
-1.588070326195925475e+01
-1.630396547506115468e+01
-1.672920111884700844e+01
-1.715641002902454204e+01
-1.758559204355358219e+01
-1.801674700259944473e+01
-1.844987474840969099e+01
-1.888497512542694778e+01
-1.932204798006189606e+01
-1.976109316086198930e+01
-2.020211051827166671e+01
-2.064509990481402468e+01
-2.109006117483816922e+01
-2.153699418463779125e+01
-2.198589879233324496e+01
-2.243677485791218373e+01
-2.288962224315585559e+01
-2.334444081163532303e+01
-2.380123042858348725e+01
-2.425999096102955832e+01
-2.472072227760985186e+01
-2.518342424865767271e+01
-2.564809674612240542e+01
-2.611473964356791555e+01
-2.658335281607810430e+01
-2.705393614032572458e+01
-2.752648949449765325e+01
-2.800101275826430225e+01
-2.847750581275888493e+01
-2.895596854059537861e+01
-2.943640082576022365e+01
-2.991880255368669594e+01
-3.040317361115019423e+01
-3.088951388631481620e+01
-3.137782326869305649e+01
-3.186810164900688136e+01
-3.236034891940991542e+01
-3.285456497321220581e+01
-3.335074970508291869e+01
-3.384890301080211827e+01
-3.434902478748310983e+01
-3.485111493332918542e+01
-3.535517334780383436e+01
-3.586119993150725094e+01
-3.636919458610472589e+01
-3.687915721451390993e+01
-3.739108772066695963e+01
-3.790498600960340525e+01
-3.842085198744725005e+01
-3.893868556137822168e+01
-3.945848663960681790e+01
-3.998025513137420717e+01
-4.050399094695275437e+01
-4.102969399757071756e+01
-4.155736419546650495e+01
-4.208700145384410973e+01
-4.261860568679487926e+01
-4.315217680949191958e+01
-4.368771473789094273e+01
-4.422521938889498472e+01
-4.476469068039172328e+01
-4.530612853103959026e+01
-4.584953286039112186e+01
-4.639490358896431133e+01
-4.694224063795762447e+01
-4.749154392955496462e+01
-4.804281338667540524e+01
-4.859604893308018347e+01
-4.915125049331935259e+01
-4.970841799276060158e+01
-5.026755135752840431e+01
-5.082865051452769478e+01
-5.139171539136857803e+01
-5.195674591650787022e+01
-5.252374201904915196e+01
-5.309270362886415739e+01
-5.366363067656409669e+01
-5.423652309339405519e+01
-5.481138081133677531e+01
-5.538820376309166704e+01
