-1.115853068565616866e+02
-1.130198504507856399e+02
-1.144616649428504047e+02
-1.159107501139775991e+02
-1.173671057486482709e+02
-1.188307316344736932e+02
-1.203016275622725288e+02
-1.217797933259098215e+02
-1.232652287222329903e+02
-1.247579335510810381e+02
-1.262579076151623383e+02
-1.277651507200183687e+02
-1.292796626739813917e+02
-1.308014432881230960e+02
-1.323304923762036935e+02
-1.338668097545750300e+02
-1.354103952422335340e+02
-1.369612486606038431e+02
-1.385193698337343449e+02
-1.400847585879847941e+02
-1.416574147522049714e+02
-1.432373381574922462e+02
-1.448245286373716851e+02
-1.464189860275576791e+02
-1.480207101659950695e+02
-1.496297008928315790e+02
-1.512459580503368954e+02
-1.528694814829460995e+02
-1.545002710370773684e+02
-1.561383265612776086e+02
-1.577836479060032389e+02
-1.594362349237445926e+02
-1.610960874688455249e+02
-1.627632053976383588e+02
-1.644375885682491685e+02
-1.661192368406414346e+02
-1.678081500765827343e+02
-1.695043281396501982e+02
-1.712077708950927786e+02
-1.729184782099528093e+02
-1.746364499528230851e+02
-1.763616859940718768e+02
-1.780941862056569391e+02
-1.798339504610781319e+02
-1.815809786355049766e+02
-1.833352706055690078e+02
-1.850968262494253338e+02
-1.868656454467875960e+02
-1.886417280788063806e+02
-1.904250740280360787e+02
-1.922156831785035820e+02
-1.940135554156341016e+02
-1.958186906262183129e+02
-1.976310886983984290e+02
-1.994507495216631412e+02
-2.012776729867909182e+02
-2.031118589858910752e+02
-2.049533074123032179e+02
-2.068020181606520111e+02
-2.086579911267937746e+02
-2.105212262077712353e+02
-2.123917233018272555e+02
-2.142694823084256370e+02
-2.161545031281052047e+02
-2.180467856626364380e+02
-2.199463298148493493e+02
-2.218531354886888494e+02
-2.237672025892380248e+02
-2.256885310225964929e+02
-2.276171206959276390e+02
-2.295529715174772036e+02
-2.314960833964596532e+02
-2.334464562431288073e+02
-2.354040899687526576e+02
-2.373689844855670685e+02
-2.393411397067428652e+02
-2.413205555464126064e+02
-2.433072319197218576e+02
-2.453011687426179037e+02
-2.473023659320454044e+02
-2.493108234058324797e+02
-2.513265410826887205e+02
-2.533495188821756869e+02
-2.553797567247313509e+02
-2.574172545316599212e+02
-2.594620122250565828e+02
-2.615140297278991852e+02
-2.635733069639148312e+02
-2.656398438576935632e+02
-2.677136403345295435e+02
-2.697946963206139230e+02
-2.718830117428054223e+02
-2.739785865287776119e+02
-2.760814206069159127e+02
-2.781915139063760876e+02
-2.803088663570127892e+02
-2.824334778894058218e+02
-2.845653484348373468e+02
-2.867044779253017168e+02
-2.888508662934747235e+02
