1.530479107240551784e+01
1.530041530010916695e+01
1.529606146160061719e+01
1.529172933808760249e+01
1.528741871403533281e+01
1.528312937710215458e+01
1.527886111807678304e+01
1.527461373081707130e+01
1.527038701219027317e+01
1.526618076201474494e+01
1.526199478300305756e+01
1.525782888070647303e+01
1.525368286346074242e+01
1.524955654233319535e+01
1.524544973107107815e+01
1.524136224605110534e+01
1.523729390623019952e+01
1.523324453309736981e+01
1.522921395062671834e+01
1.522520198523152146e+01
1.522120846571937136e+01
1.521723322324834449e+01
1.521327609128416825e+01
1.520933690555835938e+01
1.520541550402730380e+01
1.520151172683225838e+01
1.519762541626025509e+01
1.519375641670585608e+01
1.518990457463377908e+01
1.518606973854233466e+01
1.518225175892767354e+01
1.517845048824880472e+01
1.517466578089339535e+01
1.517089749314429170e+01
1.516714548314678090e+01
1.516340961087654193e+01
1.515968973810829468e+01
1.515598572838510805e+01
1.515229744698836711e+01
1.514862476090837262e+01
1.514496753881555691e+01
1.514132565103230554e+01
1.513769896950536875e+01
1.513408736777884300e+01
1.513049072096771752e+01
1.512690890573195546e+01
1.512334180025112218e+01
1.511978928419951629e+01
1.511625123872182286e+01
1.511272754640924987e+01
1.510921809127614779e+01
1.510572275873710701e+01
1.510224143558450471e+01
1.509877400996650465e+01
1.509532037136549221e+01
1.509188041057694463e+01
1.508845401968870448e+01
1.508504109206067056e+01
1.508164152230488142e+01
1.507825520626599136e+01
1.507488204100211959e+01
1.507152192476607588e+01
1.506817475698694331e+01
1.506484043825201802e+01
1.506151887028909009e+01
1.505820995594906542e+01
1.505491359918891803e+01
1.505162970505496389e+01
1.504835817966644562e+01
1.504509893019942979e+01
1.504185186487100268e+01
1.503861689292376447e+01
1.503539392461060586e+01
1.503218287117976892e+01
1.502898364486018323e+01
1.502579615884706854e+01
1.502262032728780383e+01
1.501945606526805577e+01
1.501630328879814513e+01
1.501316191479968332e+01
1.501003186109242726e+01
1.500691304638138490e+01
1.500380539024414261e+01
1.500070881311842008e+01
1.499762323628985783e+01
1.499454858188000017e+01
1.499148477283450553e+01
1.498843173291155928e+01
1.498538938667049436e+01
1.498235765946059495e+01
1.497933647741011853e+01
1.497632576741548505e+01
1.497332545713066843e+01
1.497033547495676586e+01
1.496735575003174290e+01
1.496438621222036147e+01
1.496142679210426607e+01
1.495847742097225463e+01
1.495553803081070221e+01
1.495260855429415514e+01
