1.526239064262584755e+01
1.525801487032949666e+01
1.525366103182094690e+01
1.524932890830793220e+01
1.524501828425566252e+01
1.524072894732248251e+01
1.523646068829711098e+01
1.523221330103740101e+01
1.522798658241060288e+01
1.522378033223507288e+01
1.521959435322338550e+01
1.521542845092680096e+01
1.521128243368107036e+01
1.520715611255352329e+01
1.520304930129140608e+01
1.519896181627143328e+01
1.519489347645052746e+01
1.519084410331769774e+01
1.518681352084704805e+01
1.518280155545184940e+01
1.517880803593969929e+01
1.517483279346867242e+01
1.517087566150449618e+01
1.516693647577868731e+01
1.516301507424763173e+01
1.515911129705258809e+01
1.515522498648058303e+01
1.515135598692618402e+01
1.514750414485410701e+01
1.514366930876266437e+01
1.513985132914800147e+01
1.513605005846913265e+01
1.513226535111372328e+01
1.512849706336462141e+01
1.512474505336710884e+01
1.512100918109687164e+01
1.511728930832862439e+01
1.511358529860543598e+01
1.510989701720869505e+01
1.510622433112870233e+01
1.510256710903588484e+01
1.509892522125263348e+01
1.509529853972569668e+01
1.509168693799917271e+01
1.508809029118804723e+01
1.508450847595228517e+01
1.508094137047145011e+01
1.507738885441984422e+01
1.507385080894215079e+01
1.507032711662957780e+01
1.506681766149647750e+01
1.506332232895743672e+01
1.505984100580483442e+01
1.505637358018683258e+01
1.505291994158582014e+01
1.504947998079727434e+01
1.504605358990903241e+01
1.504264066228099850e+01
1.503924109252521113e+01
1.503585477648631930e+01
1.503248161122244930e+01
1.502912149498640559e+01
1.502577432720727302e+01
1.502244000847234773e+01
1.501911844050941802e+01
1.501580952616939335e+01
1.501251316940924774e+01
1.500922927527529360e+01
1.500595774988677533e+01
1.500269850041975950e+01
1.499945143509133239e+01
1.499621646314409240e+01
1.499299349483093380e+01
1.498978244140009863e+01
1.498658321508051117e+01
1.498339572906739647e+01
1.498021989750813354e+01
1.497705563548838370e+01
1.497390285901847307e+01
1.497076148502001125e+01
1.496763143131275697e+01
1.496451261660171461e+01
1.496140496046447055e+01
1.495830838333874979e+01
1.495522280651018754e+01
1.495214815210032810e+01
1.494908434305483347e+01
1.494603130313188899e+01
1.494298895689082407e+01
1.493995722968092466e+01
1.493693604763044824e+01
1.493392533763581298e+01
1.493092502735099636e+01
1.492793504517709380e+01
1.492495532025207261e+01
1.492198578244068941e+01
1.491902636232459400e+01
1.491607699119258257e+01
1.491313760103103192e+01
1.491020812451448485e+01
