1.525153577593483334e+01
1.524716000363848245e+01
1.524280616512993269e+01
1.523847404161691799e+01
1.523416341756464831e+01
1.522987408063147008e+01
1.522560582160609854e+01
1.522135843434638680e+01
1.521713171571958867e+01
1.521292546554406044e+01
1.520873948653237306e+01
1.520457358423578853e+01
1.520042756699005793e+01
1.519630124586251085e+01
1.519219443460039365e+01
1.518810694958042085e+01
1.518403860975951503e+01
1.517998923662668531e+01
1.517595865415603384e+01
1.517194668876083696e+01
1.516795316924868686e+01
1.516397792677765999e+01
1.516002079481348375e+01
1.515608160908767488e+01
1.515216020755661930e+01
1.514825643036157565e+01
1.514437011978957059e+01
1.514050112023517158e+01
1.513664927816309458e+01
1.513281444207165016e+01
1.512899646245698904e+01
1.512519519177812022e+01
1.512141048442271085e+01
1.511764219667360720e+01
1.511389018667609641e+01
1.511015431440585743e+01
1.510643444163761018e+01
1.510273043191442355e+01
1.509904215051768261e+01
1.509536946443768812e+01
1.509171224234487241e+01
1.508807035456162104e+01
1.508444367303468425e+01
1.508083207130815850e+01
1.507723542449703302e+01
1.507365360926127096e+01
1.507008650378043768e+01
1.506653398772883001e+01
1.506299594225113836e+01
1.505947224993856359e+01
1.505596279480546329e+01
1.505246746226642252e+01
1.504898613911382022e+01
1.504551871349582015e+01
1.504206507489480771e+01
1.503862511410626013e+01
1.503519872321801998e+01
1.503178579558998607e+01
1.502838622583419692e+01
1.502499990979530686e+01
1.502162674453143509e+01
1.501826662829539138e+01
1.501491946051626059e+01
1.501158514178133352e+01
1.500826357381840559e+01
1.500495465947838092e+01
1.500165830271823353e+01
1.499837440858427939e+01
1.499510288319576112e+01
1.499184363372874529e+01
1.498859656840031818e+01
1.498536159645307997e+01
1.498213862813992137e+01
1.497892757470908442e+01
1.497572834838949873e+01
1.497254086237638404e+01
1.496936503081711933e+01
1.496620076879737127e+01
1.496304799232746063e+01
1.495990661832899882e+01
1.495677656462174276e+01
1.495365774991070040e+01
1.495055009377345812e+01
1.494745351664773558e+01
1.494436793981917333e+01
1.494129328540931567e+01
1.493822947636382104e+01
1.493517643644087478e+01
1.493213409019980986e+01
1.492910236298991045e+01
1.492608118093943403e+01
1.492307047094480055e+01
1.492007016065998393e+01
1.491708017848608137e+01
1.491410045356106018e+01
1.491113091574967697e+01
1.490817149563358157e+01
1.490522212450157014e+01
1.490228273434001949e+01
1.489935325782347064e+01
