-1.151349446743718641e+00
-1.158601097869726315e+00
-1.165852748995733990e+00
-1.173104400121741442e+00
-1.180356051247749116e+00
-1.187607702373756791e+00
-1.194859353499764687e+00
-1.202111004625772361e+00
-1.209362655751780036e+00
-1.216614306877787488e+00
-1.223865958003795162e+00
-1.231117609129802837e+00
-1.238369260255810733e+00
-1.245620911381818408e+00
-1.252872562507825860e+00
-1.260124213633833534e+00
-1.267375864759841209e+00
-1.274627515885848883e+00
-1.281879167011856779e+00
-1.289130818137864454e+00
-1.296382469263871906e+00
-1.303634120389879580e+00
-1.310885771515887477e+00
-1.318137422641894929e+00
-1.325389073767902826e+00
-1.332640724893910500e+00
-1.339892376019917952e+00
-1.347144027145925627e+00
-1.354395678271933523e+00
-1.361647329397941197e+00
-1.368898980523948872e+00
-1.376150631649956324e+00
-1.383402282775963998e+00
-1.390653933901971673e+00
-1.397905585027979569e+00
-1.405157236153987244e+00
-1.412408887279994696e+00
-1.419660538406002592e+00
-1.426912189532010045e+00
-1.434163840658017719e+00
-1.441415491784025615e+00
-1.448667142910033068e+00
-1.455918794036040742e+00
-1.463170445162048416e+00
-1.470422096288056091e+00
-1.477673747414063765e+00
-1.484925398540071662e+00
-1.492177049666079336e+00
-1.499428700792086788e+00
-1.506680351918094463e+00
-1.513932003044102359e+00
-1.521183654170109811e+00
-1.528435305296117708e+00
-1.535686956422125160e+00
-1.542938607548132834e+00
-1.550190258674140509e+00
-1.557441909800148405e+00
-1.564693560926155858e+00
-1.571945212052163532e+00
-1.579196863178171206e+00
-1.586448514304178881e+00
-1.593700165430186555e+00
-1.600951816556194451e+00
-1.608203467682202126e+00
-1.615455118808209800e+00
-1.622706769934217252e+00
-1.629958421060225149e+00
-1.637210072186232601e+00
-1.644461723312240053e+00
-1.651713374438247950e+00
-1.658965025564255624e+00
-1.666216676690263299e+00
-1.673468327816271195e+00
-1.680719978942278647e+00
-1.687971630068286544e+00
-1.695223281194293996e+00
-1.702474932320301892e+00
-1.709726583446309345e+00
-1.716978234572317241e+00
-1.724229885698324694e+00
-1.731481536824332146e+00
-1.738733187950340264e+00
-1.745984839076347717e+00
-1.753236490202355391e+00
-1.760488141328363287e+00
-1.767739792454370740e+00
-1.774991443580378636e+00
-1.782243094706386088e+00
-1.789494745832393985e+00
-1.796746396958401437e+00
-1.803998048084409334e+00
-1.811249699210417008e+00
-1.818501350336424460e+00
-1.825753001462432357e+00
-1.833004652588440031e+00
-1.840256303714447483e+00
-1.847507954840455380e+00
-1.854759605966462832e+00
-1.862011257092470506e+00
-1.869262908218478181e+00
