2.365389886986350110e+00
2.379893189238365458e+00
2.394396491490380807e+00
2.408899793742395712e+00
2.423403095994411061e+00
2.437906398246426853e+00
2.452409700498442202e+00
2.466913002750457551e+00
2.481416305002472900e+00
2.495919607254487804e+00
2.510422909506503153e+00
2.524926211758518946e+00
2.539429514010534294e+00
2.553932816262549643e+00
2.568436118514564548e+00
2.582939420766579897e+00
2.597442723018595245e+00
2.611946025270611038e+00
2.626449327522626387e+00
2.640952629774641736e+00
2.655455932026656640e+00
2.669959234278671989e+00
2.684462536530687338e+00
2.698965838782703131e+00
2.713469141034718479e+00
2.727972443286733384e+00
2.742475745538748733e+00
2.756979047790764525e+00
2.771482350042779874e+00
2.785985652294795223e+00
2.800488954546810572e+00
2.814992256798825476e+00
2.829495559050840825e+00
2.843998861302856618e+00
2.858502163554871967e+00
2.873005465806887315e+00
2.887508768058902220e+00
2.902012070310917569e+00
2.916515372562932917e+00
2.931018674814948710e+00
2.945521977066964059e+00
2.960025279318979408e+00
2.974528581570994312e+00
2.989031883823009661e+00
3.003535186075025010e+00
3.018038488327040803e+00
3.032541790579056151e+00
3.047045092831071056e+00
3.061548395083086405e+00
3.076051697335102197e+00
3.090554999587117102e+00
3.105058301839132895e+00
3.119561604091147800e+00
3.134064906343163592e+00
3.148568208595178497e+00
3.163071510847194290e+00
3.177574813099209194e+00
3.192078115351224987e+00
3.206581417603240336e+00
3.221084719855255241e+00
3.235588022107270589e+00
3.250091324359286382e+00
3.264594626611301287e+00
3.279097928863317080e+00
3.293601231115331984e+00
3.308104533367347333e+00
3.322607835619362682e+00
3.337111137871378475e+00
3.351614440123393823e+00
3.366117742375408728e+00
3.380621044627424077e+00
3.395124346879439869e+00
3.409627649131454774e+00
3.424130951383470567e+00
3.438634253635485916e+00
3.453137555887501264e+00
3.467640858139516169e+00
3.482144160391531962e+00
3.496647462643546866e+00
3.511150764895561771e+00
3.525654067147578008e+00
3.540157369399592913e+00
3.554660671651608261e+00
3.569163973903624054e+00
3.583667276155638959e+00
3.598170578407654752e+00
3.612673880659669656e+00
3.627177182911685005e+00
3.641680485163700354e+00
3.656183787415716147e+00
3.670687089667731495e+00
3.685190391919746400e+00
3.699693694171762193e+00
3.714196996423777541e+00
3.728700298675792446e+00
3.743203600927808239e+00
3.757706903179823144e+00
3.772210205431838936e+00
3.786713507683853841e+00
3.801216809935869634e+00
