1.985350452677543487e+01
1.973953295425761922e+01
1.962481220047861186e+01
1.950934264516267191e+01
1.939312466109196365e+01
1.927615861456143520e+01
1.915844486532321156e+01
1.903998376682778115e+01
1.892077566641241759e+01
1.880082090532957295e+01
1.868011981901261720e+01
1.855867273712135557e+01
1.843647998360913220e+01
1.831354187709832004e+01
1.818985873074323578e+01
1.806543085243757929e+01
1.794025854502470452e+01
1.781434210622453662e+01
1.768768182894191909e+01
1.756027800125359306e+01
1.743213090648209374e+01
1.730324082345746106e+01
1.717360802643662510e+01
1.704323278528595154e+01
1.691211536560533446e+01
1.678025602873953659e+01
1.664765503193669360e+01
1.651431262839514602e+01
1.638022906733373674e+01
1.624540459412387605e+01
1.610983945033100184e+01
1.597353387383649626e+01
1.583648809882945407e+01
1.569870235597218766e+01
1.556017687242536240e+01
1.542091187187820012e+01
1.528090757475333916e+01
1.514016419812386083e+01
1.499868195583844077e+01
1.485646105859479782e+01
1.471350171402396789e+01
1.456980412667400948e+01
1.442536849814075062e+01
1.428019502709225641e+01
1.413428390931256651e+01
1.398763533783927926e+01
1.384024950283171584e+01
1.369212659189552639e+01
1.354326678984223165e+01
1.339367027899468177e+01
1.324333723904062055e+01
1.309226784721045789e+01
1.294046227823576878e+01
1.278792070446177043e+01
1.263464329584025059e+01
1.248063022003216282e+01
1.232588164235371941e+01
1.217039772593542324e+01
1.201417863166370559e+01
1.185722451826987722e+01
1.169953554239513771e+01
1.154111185851475341e+01
1.138195361914528725e+01
1.122206097470395036e+01
1.106143407368384146e+01
1.090007306265749421e+01
1.073797808619414340e+01
1.057514928705539958e+01
1.041158680612036846e+01
1.024729078253534098e+01
1.008226135350738062e+01
9.916498654654816391e+00
9.750002819799519216e+00
9.582773981026274868e+00
9.414812268824842789e+00
9.246117812048758822e+00
9.076690737899141936e+00
8.906531172017842835e+00
8.735639238456951006e+00
8.564015059784271244e+00
8.391658757026771553e+00
8.218570449762765406e+00
8.044750256077424666e+00
7.870198292624607461e+00
7.694914674705472635e+00
7.518899516107197201e+00
7.342152929419217600e+00
7.164675025704116962e+00
6.986465914866556659e+00
6.807525705420140127e+00
6.627854504576266237e+00
6.447452418371863558e+00
6.266319551525743492e+00
6.084456007550468115e+00
5.901861888775009390e+00
5.718537296315599150e+00
5.534482330187902477e+00
5.349697089155032614e+00
5.164181670921696110e+00
4.977936172090235090e+00
