1.518362333309059764e+01
1.501254167373945414e+01
1.484035177365706204e+01
1.466705401826187405e+01
1.449264878609379181e+01
1.431713644894573179e+01
1.414051737198768066e+01
1.396279191397569086e+01
1.378396042737062288e+01
1.360402325848937366e+01
1.342298074763730042e+01
1.324083322926831663e+01
1.305758103212483157e+01
1.287322447934115388e+01
1.268776388858262827e+01
1.250119957211674837e+01
1.231353183706233168e+01
1.212476098534576963e+01
1.193488731397768277e+01
1.174391111500466600e+01
1.155183267572319927e+01
1.135865227875425987e+01
1.116437020211758124e+01
1.096898671934971148e+01
1.077250209964083538e+01
1.057491660787576393e+01
1.037623050470249808e+01
1.017644404670963709e+01
9.975557486427643283e+00
9.773571072407190030e+00
9.570485049449736437e+00
9.366299658444017240e+00
9.161015136686199156e+00
8.954631717759028220e+00
8.747149631779603141e+00
8.538569105258837055e+00
8.328890361408340937e+00
8.118113620043505563e+00
7.906239097712045805e+00
7.693267007750439035e+00
7.479197560334011285e+00
7.264030962560728000e+00
7.047767418502878911e+00
6.830407129235499752e+00
6.611950292965271814e+00
6.392397104989925083e+00
6.171747757889527009e+00
5.950002441397298725e+00
5.727161342615062267e+00
5.503224645969844175e+00
5.278192533294088662e+00
5.052065183906247370e+00
4.824842774596774575e+00
4.596525479684327564e+00
4.367113471121470525e+00
4.136606918498262786e+00
3.905005989007932499e+00
3.672310847651313992e+00
3.438521657168276846e+00
3.203638578075363341e+00
2.967661768752130058e+00
2.730591385450541253e+00
2.492427582342774173e+00
2.253170511578847623e+00
2.012820323267909828e+00
1.771377165524587127e+00
1.528841184611518855e+00
1.285212524786523147e+00
1.040491328486691458e+00
7.946777363121455551e-01
5.477718870734840095e-01
2.997739177006621958e-01
5.068396351117598897e-02
-1.994978420133683983e-01
-4.507713669916171284e-01
-7.031364812318372515e-01
-9.565930562126965242e-01
-1.211140964960378597e+00
-1.466780082094171433e+00
-1.723510283855087977e+00
-1.981331447886578445e+00
-2.240243453452674061e+00
-2.500246181231705833e+00
-2.761339513367449428e+00
-3.023523333424961379e+00
-3.286797526421224802e+00
-3.551161978689624021e+00
-3.816616577970666668e+00
-4.083161213353097452e+00
-4.350795775237394025e+00
-4.619520155262168970e+00
-4.889334246453692856e+00
-5.160237943008432637e+00
-5.432231140402343783e+00
-5.705313735356654092e+00
-5.979485625671578930e+00
-6.254746710502281815e+00
-6.531096890033026625e+00
-6.808536065650685032e+00
-7.087064139865695722e+00
