1.605986978341518068e+01
1.605460621006783484e+01
1.604937434093537618e+01
1.604417379638022467e+01
1.603900420354298717e+01
1.603386519618207018e+01
1.602875641451798572e+01
1.602367750508222599e+01
1.601862812057049368e+01
1.601360791970023811e+01
1.600861656707220959e+01
1.600365373303603533e+01
1.599871909355955957e+01
1.599381233010191750e+01
1.598893312949013890e+01
1.598408118379922449e+01
1.597925619023553701e+01
1.597445785102341986e+01
1.596968587329492628e+01
1.596493996898256640e+01
1.596021985471496230e+01
1.595552525171532743e+01
1.595085588570266566e+01
1.594621148679563127e+01
1.594159178941892030e+01
1.593699653221216117e+01
1.593242545794117859e+01
1.592787831341160754e+01
1.592335484938473300e+01
1.591885482049552358e+01
1.591437798517276647e+01
1.590992410556126480e+01
1.590549294744600317e+01
1.590108428017825126e+01
1.589669787660352362e+01
1.589233351299135322e+01
1.588799096896681995e+01
1.588367002744378809e+01
1.587937047455977790e+01
1.587509209961246626e+01
1.587083469499772193e+01
1.586659805614917040e+01
1.586238198147920464e+01
1.585818627232143463e+01
1.585401073287452256e+01
1.584985517014735379e+01
1.584571939390551343e+01
1.584160321661903126e+01
1.583750645341136476e+01
1.583342892200957586e+01
1.582937044269566762e+01
1.582533083825905784e+01
1.582130993395015217e+01
1.581730755743498484e+01
1.581332353875089680e+01
1.580935771026323522e+01
1.580540990662303003e+01
1.580147996472562255e+01
1.579756772367024276e+01
1.579367302472046930e+01
1.578979571126559556e+01
1.578593562878283940e+01
1.578209262480039143e+01
1.577826654886128033e+01
1.577445725248802866e+01
1.577066458914807967e+01
1.576688841421997900e+01
1.576312858496027758e+01
1.575938496047116644e+01
1.575565740166879003e+01
1.575194577125223816e+01
1.574824993367320758e+01
1.574456975510629952e+01
1.574090510341993543e+01
1.573725584814790857e+01
1.573362186046149525e+01
1.573000301314218063e+01
1.572639918055493169e+01
1.572281023862202609e+01
1.571923606479741764e+01
1.571567653804163633e+01
1.571213153879718405e+01
1.570860094896445069e+01
1.570508465187809577e+01
1.570158253228392731e+01
1.569809447631622668e+01
1.569462037147554412e+01
1.569116010660691884e+01
1.568771357187854498e+01
1.568428065876085320e+01
1.568086126000600444e+01
1.567745526962778513e+01
1.567406258288190024e+01
1.567068309624664479e+01
1.566731670740394122e+01
1.566396331522076757e+01
1.566062281973091785e+01
1.565729512211712127e+01
1.565398012469350775e+01
1.565067773088840042e+01
