1.621355103309523926e+01
1.620826102769787269e+01
1.620300304754081466e+01
1.619777670717394003e+01
1.619258162806478296e+01
1.618741743843398595e+01
1.618228377309560884e+01
1.617718027330209907e+01
1.617210658659384492e+01
1.616706236665305596e+01
1.616204727316188183e+01
1.615706097166460253e+01
1.615210313343374438e+01
1.614717343534001515e+01
1.614227155972589145e+01
1.613739719428275876e+01
1.613255003193149406e+01
1.612772977070634184e+01
1.612293611364201595e+01
1.611816876866388171e+01
1.611342744848115061e+01
1.610871187048296704e+01
1.610402175663731228e+01
1.609935683339259782e+01
1.609471683158193045e+01
1.609010148632987836e+01
1.608551053696172417e+01
1.608094372691510543e+01
1.607640080365396074e+01
1.607188151858471059e+01
1.606738562697461603e+01
1.606291288787224758e+01
1.605846306402996504e+01
1.605403592182839745e+01
1.604963123120283797e+01
1.604524876557147550e+01
1.604088830176544889e+01
1.603654961996064898e+01
1.603223250361119412e+01
1.602793673938457530e+01
1.602366211709838240e+01
1.601940842965858636e+01
1.601517547299932787e+01
1.601096304602415543e+01
1.600677095054870591e+01
1.600259899124471730e+01
1.599844697558544304e+01
1.599431471379229919e+01
1.599020201878282066e+01
1.598610870611983437e+01
1.598203459396180470e+01
1.597797950301436742e+01
1.597394325648296487e+01
1.596992568002659674e+01
1.596592660171261713e+01
1.596194585197258675e+01
1.595798326355911634e+01
1.595403867150369770e+01
1.595011191307549225e+01
1.594620282774103259e+01
1.594231125712484598e+01
1.593843704497093938e+01
1.593458003710515136e+01
1.593074008139832998e+01
1.592691702773032247e+01
1.592311072795476079e+01
1.591932103586459668e+01
1.591554780715841488e+01
1.591179089940744262e+01
1.590805017202329985e+01
1.590432548622641384e+01
1.590061670501513191e+01
1.589692369313547005e+01
1.589324631705152058e+01
1.588958444491646915e+01
1.588593794654423341e+01
1.588230669338167722e+01
1.587869055848142175e+01
1.587508941647521077e+01
1.587150314354782488e+01
1.586793161741153391e+01
1.586437471728108051e+01
1.586083232384915576e+01
1.585730431926238992e+01
1.585379058709782463e+01
1.585029101233984861e+01
1.584680548135762024e+01
1.584333388188290392e+01
1.583987610298839321e+01
1.583643203506642294e+01
1.583300156980812723e+01
1.582958460018299718e+01
1.582618102041883823e+01
1.582279072598213432e+01
1.581941361355876374e+01
1.581604958103511649e+01
1.581269852747956861e+01
1.580936035312429944e+01
1.580603495934747471e+01
1.580272224865575836e+01
